DEM/sd.tin.asc
ncols 640
nrows 480
xllcorner 1403200
yllcorner 4911500
cellsize 10
NODATA_value -9999
[rows 392 to 419 of 480, columns 126 to 188 of 640]
126.2759 125.5137 124.8038 122.5349 119.6676 118.8744 118.019 116.8104 116.408 115.8345 115.0817 115.1849 114.9741 114.9487 115.0182 113.7216 114.1272 112.6736 112.6395 112.3959 112.3629 111.5214 110.5376 107.5563 107.6685 105.6045 104.4441 101.6065 99.22379 95.39562 93.1646 90.24374 86.67603 83.95771 81.04767 76.77837 72.2271 71.04421 66.91473 58.5444 58.02014 53.72718 52.99836 48.57258 44.34692 41.41488 37.63178 34.71056 31.50227 28.62938 26.63616 24.92903 25.6271 26.76204 27.69655 27.83732 29.64001 29.90546 30.45054 30.224 30.12088 28.39033 24.80641
128.7192 124.2898 123.5125 121.3556 118.8812 117.5015 116.5931 116.1419 115.6671 115.0181 115.0206 115.1309 115.6524 115.4178 115.6839 115.7892 115.5845 113.7197 112.5225 112.5536 112.554 111.7265 110.7964 110.0116 107.5485 106.8322 104.5693 101.6031 99.33867 95.40557 91.99798 90.23936 85.02154 82.7964 78.61562 75.0777 72.11279 68.41761 62.62317 57.83093 56.67693 53.65069 52.65706 45.93751 42.5079 38.92255 37.00636 33.32634 30.93974 28.49386 27.86777 28.15694 27.81061 28.86934 30.18436 31.33881 30.84394 30.51842 31.92145 30.32295 28.48655 23.28543 20.23104
127.0215 123.6784 122.3582 120.9403 118.2656 117.0877 116.852 116.1005 115.4575 115.0586 115.0482 115.3853 115.6721 115.7031 115.7643 116.0799 115.9348 115.401 114.3935 113.5888 112.968 111.9483 110.4641 109.5767 107.5714 106.2418 104.3412 101.4068 97.81927 94.19107 90.35699 87.2733 82.80492 80.70077 76.6177 73.50246 71.08792 65.90783 56.68974 57.33514 51.92567 50.2718 47.78957 43.99404 40.39885 39.69755 36.19762 33.12903 29.81262 29.35381 28.78619 29.48586 30.94268 32.46062 32.37495 31.85769 33.43579 32.33949 33.04023 29.12484 23.84176 19.07808 14.25439
124.2162 123.8762 120.9757 120.1868 119.0548 117.3369 116.6865 116.2785 115.7205 114.5785 114.3284 114.7503 115.7136 115.8373 115.8602 116.0932 116.1625 115.5057 115.1778 114.1495 113.112 112.3231 110.4314 109.2349 107.3799 105.6832 101.1176 100.1815 95.64371 91.13428 85.61243 81.76098 79.86973 76.21431 74.46532 70.92804 65.3233 59.45399 56.02449 54.57088 50.46396 47.83082 45.39742 42.08232 40.98031 40.55183 38.73486 34.85241 32.77825 33.04158 33.7743 34.58487 33.94271 33.32035 32.89776 33.32744 33.82144 32.80843 29.78441 24.78293 21.18568 15.14171 10.75515
123.5555 121.0225 119.2367 119.1571 118.1119 117.4706 116.905 116.1298 113.0492 112.6873 113.3493 114.1136 115.6167 116.0957 116.2205 116.1941 116.0184 115.4511 114.5785 114.2484 113.0095 111.6058 110.2197 110.2262 106.7355 103.7482 100.45 97.5544 92.54224 87.81409 83.67841 78.7159 76.52626 74.86097 70.56848 65.84776 61.16465 54.95682 54.86829 52.4021 48.47984 45.18903 44.0195 41.87354 41.08201 41.05444 39.87262 38.5121 37.46438 36.78966 35.83516 34.85689 34.32199 33.68152 33.38681 33.5215 33.14834 28.98189 25.04382 22.11936 18.71848 10.88899 8.395579
120.9712 119.2671 118.1707 118.4785 118.3071 117.8479 117.3268 111.9641 112.6549 112.4279 111.5467 113.6538 115.3258 116.1895 116.6327 116.3643 115.8645 115.2155 114.542 114.0183 112.5074 111.1563 110.0921 107.5032 104.3788 99.35482 96.98013 94.07438 89.15169 84.55383 79.05805 77.64764 74.33022 70.4177 65.79127 61.63465 54.05662 54.30165 52.32721 49.8122 46.75304 45.10904 42.58482 41.92577 41.66354 41.02874 39.88157 38.96634 38.18891 38.52193 36.6849 34.80444 33.50008 32.73793 32.1324 30.58097 27.41527 24.12372 20.98775 18.38346 13.64007 8.580868 2.982181
119.893 118.8449 118.885 118.8584 118.7434 118.1032 117.2817 115.4394 112.1866 112.257 111.1051 112.1936 114.6804 115.9082 116.2784 116.1669 115.7521 115.2308 114.2265 113.3068 111.9071 110.5696 108.0398 103.6176 101.5887 99.97025 94.92544 90.94609 86.22741 80.17395 78.48606 73.54445 70.20573 66.65231 62.4319 57.75215 53.19686 52.89835 49.77616 48.11504 45.46021 42.95035 41.84961 43.00625 41.959 40.91545 42.18355 43.57415 42.11221 38.98625 37.39441 34.76472 32.25434 29.46559 27.09307 26.12833 22.93644 20.12345 17.92254 14.91345 8.669185 5.181421 1.292
121.586 121.5947 120.65 119.9051 119.5972 119.3308 117.38 116.778 113.6978 111.8044 110.0805 110.6413 114.8742 116.6942 115.87 115.7419 115.3133 114.6515 114.1419 112.6232 111.0283 108.5836 105.3306 104.0953 100.5176 96.52912 92.43885 86.19509 82.8167 80.32064 76.66666 71.35865 66.32368 62.82221 57.75853 56.43352 52.34624 51.38737 48.43116 45.17827 45.80697 45.47113 44.44025 43.58797 45.37174 47.01832 46.52472 45.66145 43.04357 40.6068 37.89185 33.93943 30.63622 27.66997 25.09868 22.1453 19.53128 17.57755 12.61455 8.829673 8.851333 2.348037 0.6818078
122.6727 121.6472 121.7379 120.9042 120.4421 120.4736 118.9681 116.8582 114.6516 111.2567 107.9281 110.4551 111.4852 114.1281 115.9654 116.5287 114.6322 115.0344 112.5434 111.2048 108.1554 107.0086 106.1228 101.5146 97.34274 93.0165 88.14784 82.98615 81.65324 77.06243 73.96645 70.97778 61.65465 60.49392 56.8434 53.50161 52.2965 50.73821 49.46541 48.09867 47.16975 47.56413 48.54356 48.7979 49.0402 49.59059 49.00523 47.71468 45.41698 41.10707 37.90686 32.62075 29.03247 25.72168 22.89046 19.99964 15.63041 10.77679 8.886771 5.332498 2.664775 0.7071103 0.1534957
124.291 124.2534 123.6284 121.8192 121.443 122.1159 119.9868 118.3723 116.0255 112.6307 108.5132 107.5655 110.9371 111.2361 113.0724 113.7356 113.3434 112.6181 111.3384 109.4752 108.6633 106.6273 103.1519 98.38562 92.98327 88.89822 84.27634 81.80499 77.28631 74.14669 70.86421 62.66298 59.89942 56.5863 52.55308 52.77037 52.39917 51.63599 50.28211 48.48857 49.20861 50.71156 50.85101 52.09095 53.01306 53.14071 50.6741 50.39748 47.90613 42.33421 36.17198 30.5452 27.86938 23.30877 19.74429 15.25774 10.76378 8.376852 3.488299 1.872783 0.6339275 0.1133955 -0.3
126.7012 124.0357 123.8274 122.8294 122.5293 122.9076 121.1406 119.1823 116.7057 113.1721 108.9928 106.0025 109.761 111.3927 111.1129 111.3513 111.402 110.87 110.1154 108.8654 106.7989 103.9558 99.82651 93.35963 86.5042 85.48346 81.96295 77.47018 74.01127 70.97911 65.93065 62.57583 61.42294 58.78331 56.46891 54.67887 54.50729 55.0793 55.20289 54.70114 56.23794 55.24436 54.55566 55.20983 56.37023 55.43701 53.8895 50.88615 48.58223 41.09176 35.03037 28.16907 25.05466 18.5541 13.64481 10.601 9.151977 3.207828 1.461104 0.3902395 0.07366895 -0.3 -0.3
127.2119 126.8618 124.3121 123.672 123.4863 123.4965 122.7292 119.9353 117.7099 114.2645 109.5114 105.8867 105.3298 107.5451 109.5287 111.4552 110.909 110.0536 108.395 106.4981 104.1328 100.9379 92.79247 87.80032 84.41927 79.85163 75.70385 72.96354 70.83744 65.20598 64.97238 64.92484 64.5612 63.5925 60.8067 58.52695 58.74762 57.72162 57.95459 58.95511 59.44211 59.58737 59.7032 58.68969 57.8189 57.23164 53.99146 49.96223 45.92188 39.85574 33.51048 27.57869 20.97984 15.94849 11.87423 9.018145 2.864183 1.117046 0.3320877 -0.01989089 -0.3 -0.3 -0.3
127.4739 125.5467 125.21 124.4156 124.3859 123.954 122.8854 121.7701 118.6988 115.4277 111.1441 107.5629 103.2016 101.8729 104.1269 107.1124 107.988 107.4336 106.1912 104.2346 100.7597 92.88874 89.03474 83.57335 79.50527 75.48576 71.63722 68.72543 68.80936 67.50613 65.84933 65.73354 65.36324 64.79453 63.57137 62.22074 61.84236 61.23567 61.37842 63.32527 62.30468 62.25381 62.44781 61.83426 60.54117 60.29645 52.37651 48.59047 41.44209 35.64195 28.36713 22.13238 17.52542 13.72309 9.471992 2.672076 0.9523023 0.07780105 -0.13782 -0.3 -0.3 -0.3 -0.3
129.6611 127.1453 126.0177 125.2194 124.8535 123.9553 123.5374 122.7744 119.1814 116.7009 113.1583 109.2899 105.528 102.5719 99.33315 102.1467 104.8434 104.7086 103.1562 101.3873 95.14103 90.27951 85.67207 81.11034 76.66654 73.0004 72.93586 70.44825 71.04414 71.57523 70.02868 66.7539 65.70158 67.1491 67.23144 67.44498 66.75385 66.67984 67.77946 67.26752 67.16707 66.46516 64.16921 63.837 62.37582 59.80953 50.67715 44.11049 31.76788 21.02802 11.51865 11.50144 11.57336 9.629081 4.212798 1.375738 0.2947291 -0.0289117 -0.3 -0.3 -0.3 -0.3 -0.3
129.6362 127.0971 126.711 125.7756 125.0153 125.0286 123.9982 122.631 121.0992 117.8741 115.0158 111.784 107.9347 103.601 101.1522 97.47041 97.05014 99.16464 100.2338 92.61941 91.56271 86.82087 82.51956 79.93865 78.62983 76.7872 77.07777 75.58086 74.50658 73.83115 73.58839 71.22665 72.03451 71.8001 71.50658 72.19181 71.87924 71.28506 70.73753 69.98988 69.81094 68.74902 66.77567 67.06584 64.2754 57.60288 49.48412 35.32407 19.24413 11.11587 8.795247 9.686589 9.399302 9.17601 1.757677 0.6485687 0.0178854 -0.3 -0.3 -0.3 -0.3 -0.3 -0.3
129.8805 126.8652 126.1864 125.8395 124.8564 124.9698 123.964 122.7241 121.1677 118.9306 115.767 113.0967 110.0029 106.2872 102.3817 98.53909 96.55876 94.96142 93.9335 91.36994 88.24928 83.68349 83.77135 82.86373 83.79824 83.05905 81.77767 80.12729 77.29714 76.06799 76.23454 77.19623 75.71255 74.73532 73.93497 75.18573 76.09875 74.3471 74.02035 74.5787 73.80121 73.20235 73.18603 72.81891 63.23732 57.50232 44.79243 31.96303 19.11049 12.06473 8.811671 8.829882 8.231782 2.553671 1.022337 -0.0237471 -0.1728842 -0.3 -0.3 -0.3 -0.3 -0.3 -0.3
128.833 128.482 125.7237 125.3665 124.3789 125.0284 123.9574 122.4019 120.854 119.2687 116.4877 113.7842 111.0762 107.8301 104.4674 98.7634 98.38671 94.56512 93.32323 88.48013 87.59334 86.37618 87.87341 89.12412 89.33433 87.99709 85.75545 85.65715 84.36047 81.26187 81.10206 79.1919 77.85297 77.02872 80.90549 81.53439 80.89085 77.50515 75.653 76.89128 76.4217 75.76384 74.14827 73.85289 63.56206 55.73915 42.5085 29.37851 18.27521 12.68766 9.806085 9.46284 6.627672 1.583004 0.5030551 0.06864185 -0.149155 -0.3 -0.3 -0.3 -0.3 -0.3 -0.3
128.5165 128.2781 125.3179 124.4926 123.7034 124.919 123.6121 121.8612 120.2047 117.9166 117.3559 113.7102 110.9503 108.1869 104.7547 99.67887 99.17334 95.15005 91.85609 90.62704 89.91188 91.12293 92.12622 93.18057 93.29671 92.52767 91.1992 90.58804 88.64544 87.19167 83.88573 82.89921 82.57545 81.95492 85.23861 85.21823 83.36678 82.14196 81.30788 81.9447 80.54857 79.13437 76.71708 73.09506 65.21338 57.10036 42.24049 23.208 12.43229 11.62912 12.94022 9.664302 3.572968 1.18716 0.1555248 -0.1680082 -0.3 -0.3 -0.3 -0.3 -0.3 -0.3 -0.3
127.6126 126.9058 124.9982 123.0835 122.8545 123.2294 122.7933 121.9805 119.6733 117.5173 117.1252 113.3334 110.7065 107.2742 104.6004 100.446 98.63158 94.62797 92.80367 94.12336 93.97781 95.02322 96.13925 97.33121 97.6317 97.06344 95.97724 94.67527 93.42191 90.06775 85.97933 87.41415 86.08796 86.31146 88.62806 89.43535 87.7679 87.89332 87.50748 85.89042 84.05965 81.21681 78.25834 73.84674 65.96011 57.38621 45.18006 29.8512 11.07092 11.00071 12.19116 9.916114 2.762643 0.836442 -0.1041605 -0.3 -0.3 -0.3 -0.3 -0.3 -0.3 -0.3 -0.3
125.7045 124.8235 124.7494 121.6112 121.9256 121.2734 120.3791 119.0986 118.1222 116.3945 114.4944 112.134 108.5528 105.1311 101.9886 100.8176 98.26425 97.32317 97.73474 97.51566 97.76814 98.76521 99.29649 99.72659 100.5098 100.0737 99.20041 99.19363 97.42988 95.26498 94.14622 89.59162 90.96054 91.46269 93.46716 94.16354 93.82845 93.01247 91.25611 88.98378 86.92666 83.84644 80.42651 75.37914 67.6817 58.40261 44.0409 30.42039 13.18715 10.2652 11.23167 10.08634 2.831259 0.6494849 -0.2372414 -0.3 -0.3 -0.3 -0.3 -0.3 -0.3 -0.3 -0.3
125.3339 124.1045 123.1567 120.8523 120.6895 120.4251 119.2618 115.524 114.5319 112.4415 111.7815 109.1516 106.4994 103.9932 102.2681 101.29 100.9019 100.6512 100.6019 100.3444 101.2175 101.3925 101.9873 102.3249 103.0084 102.0008 101.8892 101.5845 101.2764 99.47439 96.73566 95.30154 95.53367 94.20883 94.90639 94.94073 95.00691 94.94462 94.88041 91.92925 88.6264 85.7282 81.24106 76.24035 70.39526 60.92983 47.76174 34.58057 12.4487 9.920525 10.30227 10.61438 5.041578 0.09736402 -0.3131971 -0.3 -0.3 -0.3 -0.3 -0.3 -0.3 -0.3 -0.3
123.9379 123.8285 120.703 120.4905 118.9752 117.7585 116.0477 114.1473 112.6943 111.5091 109.2191 106.9976 105.6006 104.3752 102.8796 102.972 102.5965 102.5831 102.6026 103.1832 103.6083 103.9645 104.4859 104.2948 104.5873 104.9041 103.8991 103.4913 103.3889 102.3387 101.6814 99.97446 98.69978 96.99451 95.25828 94.88905 94.96896 94.9631 95.04292 94.97189 93.01588 87.18578 83.27787 78.78493 74.60026 65.51173 56.78903 36.801 17.6322 11.4419 9.829088 10.46965 5.589299 0.1810173 -0.242499 -0.3 -0.3 -0.3 -0.3 -0.3 -0.3 -0.3 -0.3
123.4017 121.9572 120.4985 119.5634 118.6227 116.7567 115.3771 113.2833 111.4443 109.8367 107.8857 106.3453 105.9376 105.7076 104.1416 104.4152 104.5791 104.5061 104.7829 105.2918 105.8442 105.8544 106.1167 106.6192 106.3995 106.3268 105.5903 105.0855 103.9333 103.5444 102.9644 102.0165 101.2313 100.5689 100.3686 98.37949 95.12334 94.91476 95.15609 94.97941 92.90338 87.60145 83.52691 79.0937 75.70596 69.23072 60.31721 41.23848 22.79489 12.09978 11.8066 9.819178 4.638079 0.1490169 -0.3 -0.3 -0.3 -0.3 -0.3 -0.3 -0.3 -0.3 -0.3
123.3176 121.3653 120.2493 118.6892 117.3964 116.174 114.5564 112.6241 110.7309 108.9342 107.3228 106.7001 106.6664 106.5764 106.0476 105.7411 105.8609 106.3169 107.2451 107.6314 107.1802 107.5322 107.7149 108.0076 107.8782 107.8922 107.2832 106.941 105.7571 104.6903 103.9407 103.6683 102.7825 102.428 102.4098 101.8068 100.3256 98.37817 97.47445 94.53025 91.27409 86.57139 82.12253 78.00037 73.5215 66.6829 59.60575 43.63015 29.53871 17.05749 12.38736 9.105539 4.266028 0.8500785 0.1768933 -0.3 -0.3 -0.3 -0.3 -0.3 -0.3 -0.3 -0.3
122.8189 121.4043 119.2548 117.7508 116.5992 115.3703 113.3023 111.2228 110.0363 109.1622 107.6878 107.6065 106.8659 107.2006 107.4658 107.8015 107.7847 108.3492 109.6115 108.6154 108.9886 109.7118 109.5122 109.6343 109.8002 109.8155 109.1853 108.1948 107.03 106.1134 104.9823 104.5922 104.0964 103.8883 103.9048 103.3487 101.5604 99.5328 97.27119 93.58409 89.90186 85.9263 80.15405 76.07357 70.04389 65.04169 59.4709 47.52359 38.18323 27.90685 14.35624 11.65893 8.808156 7.956158 7.188491 7.616403 -0.2196619 -0.3 -0.3 -0.3 -0.3 -0.3 -0.3
123.7938 121.3656 118.9419 116.8058 115.4395 114.4186 112.5561 111.0929 110.5907 109.8596 109.423 108.9707 108.6412 108.9084 109.2589 109.592 109.3884 109.8858 110.0794 109.7803 110.6761 110.8337 111.2101 111.4266 111.3779 111.4477 111.3249 110.0399 108.5362 107.5333 106.3967 105.9518 105.3485 105.2878 105.0332 103.9411 101.5277 99.45277 97.31844 94.47606 89.98537 86.13809 81.34914 76.93468 71.51275 69.32052 64.11875 52.60376 41.69181 33.22651 19.6275 14.87551 10.02411 8.626787 8.193089 8.063902 7.986471 1.816095 -0.3 -0.3 -0.3 -0.3 -0.3
124.5147 122.0931 119.1531 117.1393 115.7629 114.2361 112.9892 111.9865 111.6085 111.2242 110.9769 110.4297 110.3048 110.6349 110.9147 111.4841 110.5514 110.6017 111.0584 112.4635 112.4302 112.6541 113.0737 113.1297 112.7406 112.4633 112.1875 111.1937 109.9759 108.8388 107.6931 107.2029 106.7629 106.423 105.611 103.8756 101.7027 99.4521 97.47081 95.16216 91.43554 86.53871 83.28945 78.71578 76.2715 72.8387 68.99889 62.19658 51.08674 45.17793 34.76901 24.99526 19.57915 12.8982 9.733075 8.194564 8.16284 8.361583 5.353771 -0.3 -0.3 -0.3 -0.3
124.5045 122.4814 119.8568 117.7728 116.4359 115.3419 114.2857 113.4807 112.9168 112.8627 113.1955 112.4385 112.2243 112.6257 112.3844 112.3603 112.8952 113.1748 113.4733 113.6047 113.6831 113.9142 114.1155 113.86 113.62 113.4259 112.6435 111.9097 110.9012 110.2425 109.5131 108.5292 107.8326 107.0541 105.5653 103.7935 101.6921 99.53587 97.48552 95.3172 92.19267 87.9368 83.21459 80.80238 77.17671 73.45152 70.28956 65.58562 60.50607 55.59076 47.44366 42.63305 34.51052 24.93186 19.43085 9.715692 8.669314 8.488249 0.8650952 -0.3 -0.3 -0.3 -0.3
