DEM/sd.tin.asc
ncols 640
nrows 480
xllcorner 1403200
yllcorner 4911500
cellsize 10
NODATA_value -9999
[rows 112 to 139 of 480, columns 567 to 629 of 640]
80.40907 81.48203 83.87915 85.60353 85.60032 85.44141 90.51655 93.00803 94.95064 96.52989 97.56071 99.60892 101.0313 101.3838 102.4571 103.2502 103.9018 104.3199 105.0018 105.9953 107.8485 108.3513 108.4596 109.4883 110.3528 110.9405 111.4612 111.7609 111.9485 112.5377 113.1998 113.449 113.6931 113.8609 113.513 113.1532 110.542 107.7031 108.3151 108.6737 107.8526 107.3563 105.7698 104.518 103.0233 100.6167 98.10419 96.46318 96.11936 96.06139 96.14372 96.06546 93.56621 89.72825 85.80653 82.78816 79.35703 76.79424 74.00402 71.31223 68.52555 65.42911 63.52678
80.76431 81.78198 84.81789 85.74789 85.62007 89.48956 92.35515 92.5977 95.687 97.21499 98.92931 101.0153 101.3973 101.5859 103.1358 104.0821 104.5737 104.9947 105.7417 106.5173 107.9765 108.1538 108.9639 109.3537 110.0849 110.7186 110.9129 111.4408 111.7788 111.7827 112.3254 112.8159 113.0021 113.4084 113.2759 112.9162 112.5133 107.8246 108.4128 108.7392 107.7975 107.5256 106.7991 105.8658 103.7903 101.0464 99.19508 97.65134 96.08816 96.12885 96.20371 95.93652 92.92265 89.11563 84.75372 81.16345 76.62105 73.41433 70.93878 68.61385 64.97687 60.83364 59.4236
81.92462 83.31441 85.97268 85.65039 89.15193 90.88915 92.58219 95.56399 96.56082 98.08978 99.33811 102.3195 102.5798 103.225 104.7162 104.5742 105.1913 105.7016 106.39 106.5077 106.5957 108.1557 108.8902 109.4485 109.6764 110.1073 110.3524 110.8421 110.7151 111.1505 111.3321 110.9645 111.3425 111.729 111.5425 111.3166 111.0485 107.5573 108.4322 108.4733 107.9194 107.1584 106.3946 105.6888 103.7989 101.7676 100.2765 98.89613 96.18514 96.22352 96.25045 94.90511 92.04041 88.7786 84.92497 80.72502 76.34383 72.67312 69.03132 65.51456 62.04797 58.06663 55.54678
81.88667 84.06127 86.13801 85.80472 89.34723 91.72015 91.61531 95.72812 97.40742 99.07304 100.211 101.5212 102.5134 102.7506 103.8262 104.6613 105.2891 106.1226 106.4516 106.5154 106.7465 106.9405 108.8258 109.0095 109.354 109.7209 109.8702 110.2685 110.2769 110.3084 110.3489 110.0955 109.2993 110.1521 109.9982 109.3866 107.6321 107.5686 107.6448 106.5882 105.7288 106.1603 105.3997 104.1478 103.4104 101.9895 100.8204 99.40482 96.38557 96.22582 95.58754 93.44483 91.08886 88.3342 85.19004 81.41281 77.6081 73.84695 70.30774 66.79771 63.35732 59.7579 55.92449
83.07173 84.8656 86.79227 86.40997 90.23681 92.21815 94.12884 96.05342 98.13499 98.99372 100.1634 101.0113 102.3817 104.1654 104.1921 105.1104 105.1317 105.8466 106.4337 106.5913 106.8734 106.7781 107.9634 108.4608 109.2293 109.1988 109.2612 109.4709 109.4636 109.6655 109.4011 109.4982 108.3854 107.6295 107.307 107.6027 106.5525 107.2006 105.2039 104.4815 103.5434 102.6881 103.1651 104.2103 101.2979 100.5372 99.82189 98.479 96.9864 95.76279 94.03123 92.08537 89.89246 87.46866 84.71166 81.57609 78.34972 74.95543 72.12253 68.92316 65.22116 61.95501 58.41536
82.77151 85.34792 87.58231 87.93736 90.37714 92.05545 94.51376 96.99156 97.95042 98.81572 99.46806 100.7326 101.9472 103.3751 102.6819 105.2912 104.7495 105.3301 105.9968 106.3709 106.9156 106.771 106.4915 107.5277 108.5059 108.6153 108.7009 108.7666 109.0131 109.0494 108.6891 108.2622 107.8839 106.9249 105.9555 105.678 106.1252 105.3182 103.4043 102.5705 101.7553 100.8161 99.66068 99.73756 99.24637 98.34354 97.56966 96.61936 95.46825 94.14539 92.51845 90.64195 88.59626 86.34568 83.83279 80.95693 78.07889 75.57241 72.49497 69.48113 66.36035 63.084 59.5415
82.42994 84.51189 86.99749 89.28844 89.8668 91.58232 94.16843 95.78361 96.43777 97.95557 99.24773 100.4053 101.297 102.0532 102.4814 102.7921 103.9231 104.3297 104.974 105.6453 106.7521 106.6785 106.6803 106.6934 107.0947 108.2649 108.3615 108.2305 108.5006 108.1611 107.7789 107.4088 106.7608 105.0265 104.7744 105.1056 103.4976 101.9693 101.0331 100.4894 99.47213 98.12075 98.04889 96.98196 96.14552 96.38369 95.53123 94.66103 93.67371 92.45145 90.97464 89.37991 87.38386 85.0386 82.46366 79.74879 77.15057 74.58427 71.76032 68.92374 65.85991 62.55917 59.245
81.36994 85.02222 85.164 87.85832 91.09186 92.07556 93.32168 94.76775 96.13585 97.57435 98.93155 100.0816 101.1487 101.9797 102.2173 102.1477 102.5598 103.0332 104.1358 104.6562 106.0984 106.4997 106.6297 106.5887 106.8023 106.7992 107.3009 107.4957 107.455 107.1543 107.0106 105.437 104.9427 104.0234 104.1632 103.8533 101.2543 100.3361 99.4006 98.42773 97.2924 97.14214 95.37313 95.03603 95.09454 95.05373 94.08421 93.09323 92.17616 91.0406 89.68288 87.99988 86.02892 83.66676 81.03322 78.25307 75.66109 72.40633 69.97823 67.3298 64.34776 61.03837 57.51316
80.15534 84.25528 85.46415 87.95287 89.67119 92.08755 93.59564 94.53761 96.13047 97.11758 97.87498 98.58858 99.33431 99.56703 99.3001 101.9697 101.4543 101.3172 101.8694 104.1824 104.426 104.3282 106.4711 106.5221 106.4091 106.0311 106.5743 106.8172 106.5808 106.1949 105.3553 105.1094 104.2997 103.3258 103.3525 100.8866 99.50286 98.22022 97.17888 95.94826 95.22459 94.71925 92.05373 92.53958 92.72999 92.96753 92.65515 91.98821 90.91967 89.74773 88.37267 86.6625 84.52097 82.34146 79.45531 76.43063 73.34264 70.30646 67.31841 64.53294 62.01283 58.85904 55.26161
79.29163 83.61591 85.41937 86.9045 88.9862 90.25917 92.12952 93.40193 94.29773 95.59229 96.09461 96.95229 97.56512 97.50947 98.48877 99.05122 100.7215 101.0906 100.7366 101.6672 103.9047 104.0732 104.2481 106.2779 104.8846 105.4054 105.9823 105.9959 105.7988 105.0461 104.7269 104.128 102.3538 102.5815 100.8408 99.57292 97.67194 96.76397 95.41328 94.34084 93.43192 90.90576 90.58726 90.41236 90.51472 90.75316 90.82926 90.49935 89.7193 88.77386 87.11908 85.25755 82.96846 80.49576 77.71867 74.42475 70.93205 67.97604 65.12537 62.31836 59.02547 56.22653 53.44231
78.58794 81.74783 83.45428 85.91621 88.43968 89.40643 91.17625 91.92577 93.90145 94.20678 94.84 95.00513 95.89011 96.6044 96.86253 96.90649 98.34177 99.95744 100.7552 100.7149 102.5751 103.4424 103.9829 103.6661 104.1278 105.0585 105.2532 105.0557 104.8309 104.2835 103.5661 101.458 101.82 100.6175 99.29338 97.86175 96.3268 95.03835 93.91895 92.24447 90.05045 89.24305 87.7185 87.54048 88.19054 88.84676 89.42822 89.02421 88.6256 87.66567 85.9911 84.02469 81.628 79.0306 75.94343 72.19148 68.36514 65.28079 62.95211 60.5885 57.52524 53.78076 50.53058
77.18781 79.49081 81.36636 83.99166 85.14596 87.32394 90.31206 91.2949 91.25062 92.0555 92.417 92.86655 92.12041 95.24694 94.73992 94.9835 96.72449 97.57895 99.42665 100.7011 100.7539 101.2168 102.5425 102.7967 103.7986 104.2277 104.3295 104.2865 103.8241 103.2622 100.6835 101.0606 101.0245 98.90903 97.56117 96.55861 95.06194 93.81567 92.18058 90.30759 88.2627 86.67429 85.33768 84.80496 86.10013 87.0415 87.49615 87.63283 87.15711 86.17626 85.06441 82.92278 80.25751 77.77283 74.13973 70.71505 66.98067 62.7612 60.86945 57.90635 55.09472 52.12226 48.68183
74.7551 77.08508 79.02832 80.55952 81.7696 83.07312 85.30585 85.95486 85.8914 86.88593 87.68362 87.99219 87.83745 89.13737 90.72055 92.75311 94.15414 96.02094 97.66133 99.83035 100.5875 100.6534 101.2745 101.9596 103.1545 103.3162 103.465 103.2376 102.7425 101.0734 100.2076 100.2388 99.0543 97.86012 96.81552 95.26917 93.99654 93.53284 90.94261 89.40337 88.35378 85.21192 83.48509 82.7023 83.90183 85.32843 86.06346 86.23345 85.89197 84.98793 83.65471 81.77508 79.53378 76.32317 73.09163 69.73177 65.99908 62.57508 59.33023 55.89125 52.67773 49.07511 45.66047
71.44714 73.82257 75.22863 76.28274 76.90711 78.14494 79.28635 79.78793 79.69491 81.62462 82.75358 82.14948 84.92131 86.93231 89.101 91.00787 92.00723 94.4961 96.38747 97.78838 99.57548 99.88438 100.3807 101.1679 101.7285 102.0564 102.2616 102.1596 101.4498 99.30253 99.5363 99.4229 98.12635 96.07249 95.452 94.16175 92.83314 91.81007 90.25937 88.80138 86.93324 84.29776 82.99475 81.33894 82.15006 83.71292 84.68114 84.83437 84.42941 83.65527 82.39206 80.55389 78.27116 75.55906 72.36224 69.0788 65.69212 61.96125 58.41361 54.70464 51.01511 46.91016 42.74221
66.91854 68.07465 68.91549 70.37444 71.55621 71.97878 72.62186 73.90842 74.19155 77.27988 78.2019 78.12655 82.87339 86.64983 88.65761 90.37189 92.23259 93.92389 95.55899 97.75663 98.44462 99.03809 99.51286 100.2698 100.7025 101.1507 101.0123 100.9353 98.49158 98.79043 98.96093 98.12793 96.77926 95.95668 95.16121 92.99931 91.97749 90.53195 89.26085 88.02238 86.50282 84.69929 82.5778 80.63924 80.38654 81.74664 82.85726 83.28057 83.02232 82.29316 81.08386 79.35096 77.16148 74.50639 71.64239 68.33184 65.22404 61.66043 57.94145 54.32799 50.46756 45.0839 40.0785
61.18998 61.32086 62.7663 64.51872 64.41441 64.56497 65.29386 68.07421 69.88727 74.01311 76.73241 78.60629 82.17228 85.10131 88.27509 90.47646 92.29844 94.08901 94.51521 97.14989 97.78914 98.64439 99.25199 99.4729 99.9164 100.1048 99.94391 97.72393 98.00728 98.08901 97.87418 96.36944 95.92153 94.68018 93.41823 92.08289 90.69189 89.85894 88.72366 87.13261 85.79475 83.92608 82.76704 80.16852 78.77177 79.42925 80.40985 81.45471 81.40796 80.78847 79.60956 78.11 75.79472 73.18111 70.41796 67.3701 64.34785 61.12151 57.82623 54.00293 49.34788 43.53093 37.83352
56.2307 56.27874 57.55417 58.76379 60.76524 63.66815 66.89246 69.153 71.82436 74.70386 77.68332 80.48648 83.07742 86.07887 88.95097 91.59598 92.69305 94.27699 95.35217 96.41282 97.42876 98.54874 98.67104 98.99079 98.90712 98.54103 97.25069 97.24 97.30945 97.51522 96.67721 95.62025 94.34216 93.53223 91.95957 91.03783 89.59223 88.54714 87.57892 86.63873 85.01862 83.29029 81.98338 79.84946 77.6722 77.27465 78.12096 79.23229 79.50996 79.0695 78.00438 76.53484 74.44656 71.45622 69.28435 65.8339 63.00669 60.11029 56.86022 53.3435 47.33266 41.05077 34.31937
55.22479 58.56601 60.79774 62.28201 63.92815 67.3927 70.05598 73.268 73.9733 76.47207 78.88573 78.76576 83.79037 86.96822 89.56808 91.67689 92.06106 94.39346 94.90675 95.71329 97.34318 97.82955 97.94272 97.99778 98.04464 97.65285 96.5884 96.56825 96.7349 96.04087 95.49669 94.41799 93.22888 92.2252 91.26392 89.97706 88.64429 87.60911 86.27456 85.82217 84.83257 83.48943 81.4364 79.29812 76.65943 74.98312 75.43789 76.57764 77.17777 77.17268 76.50958 74.89503 72.82018 70.22137 68.25212 64.39011 60.90763 58.24578 54.85816 50.9387 44.04989 37.90142 30.98859
55.95844 61.05509 63.17941 65.57581 67.5582 69.79854 71.08167 73.88979 74.79578 76.69447 80.56396 82.31996 85.27303 87.58945 89.4277 91.5358 92.42966 93.34025 94.06142 95.31855 96.23094 96.90027 97.26187 97.08605 96.79494 96.04395 95.92515 95.9953 95.33847 94.61074 93.63806 92.77877 91.86275 91.32803 89.92066 89.05891 88.13895 86.39105 86.2334 84.11087 83.86022 82.69107 80.95547 78.87057 76.41986 73.74168 72.66859 73.64812 74.52222 74.76042 74.33223 73.02304 71.14717 68.78945 65.85358 62.92683 60.17326 56.20333 52.58122 47.07152 40.64425 35.02748 28.53645
61.2918 63.21136 66.88947 67.15899 68.65569 70.94564 73.26031 74.66277 76.16625 77.96487 80.49219 80.72208 85.13743 87.62394 87.72736 90.82625 92.12141 92.70478 93.7765 95.09281 95.45718 95.72958 96.33575 95.76916 95.59106 95.32118 95.16782 94.63806 94.08009 93.0059 92.36117 91.37161 91.00723 89.20811 87.96888 87.74503 86.75771 85.38039 84.41407 83.77891 82.84324 81.69711 80.28292 78.48637 76.25158 73.26276 70.32027 69.68456 70.47755 71.66332 71.94165 70.5806 69.13508 66.60934 63.41362 60.70983 58.04678 54.33097 49.58441 43.63224 37.76492 32.30737 27.40917
63.40435 65.9177 67.97159 67.672 71.31102 73.1516 73.23243 76.64362 77.36362 78.59069 80.8761 82.02943 84.75321 87.46721 87.91842 90.77768 91.36919 92.45356 93.49625 93.77702 93.94581 93.84802 93.99899 94.9249 94.72677 94.35523 93.87608 93.21069 92.21825 91.33183 90.55711 89.67647 89.10244 88.26491 87.71268 85.76481 84.47481 82.59238 82.64376 82.84692 81.44107 80.66323 79.56374 77.90124 75.87001 73.28046 70.19529 67.30035 66.53423 67.11597 68.08215 67.94705 67.22206 64.22845 61.596 57.59907 55.64949 51.88655 46.28394 40.34279 34.50441 29.7298 26.17619
66.5536 68.25172 67.9227 71.20364 73.79055 74.09592 75.59911 77.48081 77.48823 79.32533 80.03317 82.45837 85.02019 87.42079 88.01101 90.25446 90.89838 92.02992 92.21333 92.69725 92.56194 92.51375 93.33125 93.46772 93.81488 93.44476 92.88364 91.79375 90.37477 90.67627 88.92514 88.34891 88.06374 87.37292 86.47967 84.3309 82.40979 80.7946 79.90329 79.97492 80.22041 79.35361 78.26588 76.82962 75.13589 73.01109 70.30672 67.39907 63.78255 62.87198 63.34749 63.4491 63.21576 62.17977 60.28313 56.36753 53.12349 48.6325 42.83406 36.7188 31.97116 27.56281 24.83329
67.68325 68.00629 70.5993 73.23283 73.94942 74.12404 76.95206 78.01452 79.27941 81.66769 82.09761 82.38868 85.14146 87.11557 89.01868 89.58012 91.16485 91.61174 92.05583 92.10538 91.96479 92.20345 92.26492 92.77566 92.9645 92.82435 92.07276 90.69917 89.58005 88.66191 87.76308 87.36032 85.34111 84.68578 83.61244 82.23027 80.64051 79.31483 77.76259 77.18568 77.62448 77.25422 76.52232 75.39837 73.90073 72.15788 70.05476 67.1077 63.7997 60.1461 59.06052 58.48658 59.50718 59.83699 58.07393 53.62727 50.26815 44.44711 39.2132 34.44336 29.54708 25.75196 23.69965
68.00275 69.40614 71.86192 73.55418 73.88564 76.45371 76.67458 79.31918 80.76114 81.79018 82.21386 82.64555 85.9229 87.75957 88.44267 90.70158 91.31309 91.6748 91.78329 91.86201 91.93824 91.89019 92.08938 92.21273 92.10732 91.83989 89.43188 88.30971 86.76875 85.87622 84.61295 83.98195 83.14057 82.15007 80.83948 80.48759 79.16575 76.69588 74.55378 74.49205 75.31969 75.16806 74.79623 73.68313 72.39829 71.01031 69.27323 66.8604 63.9057 60.32481 56.90779 54.96 55.53703 57.09198 55.08568 50.92408 46.56524 41.39688 36.08463 31.79486 27.6161 24.32152 22.62089
68.80547 70.17277 71.29637 72.35636 75.10072 75.94411 77.15958 79.57656 81.32895 82.1446 82.3388 85.22221 86.82986 87.33876 88.60546 89.85753 90.94437 91.56253 91.49321 91.59014 91.73988 91.86485 91.73104 91.26563 91.27284 90.10671 87.59655 86.39452 85.84159 83.86732 81.50834 81.20756 80.86357 79.94033 79.35306 78.07311 76.69017 74.26112 71.88505 71.57381 72.24628 72.63625 72.02615 71.64098 70.79905 69.64844 67.9997 65.95993 63.50795 61.00363 57.91039 52.68477 51.33929 52.68797 51.35173 48.22504 43.94706 38.72741 32.79978 29.26316 25.52393 23.0448 21.59032
69.57523 70.5783 72.10781 73.09767 74.81162 75.64048 78.14412 80.02101 82.17328 82.33158 82.41757 85.53943 86.34593 86.86311 87.88739 88.397 89.52923 91.16533 91.38338 91.27454 91.34634 91.4872 91.17201 90.54904 90.6623 89.22153 86.73711 85.77531 84.65546 81.1356 79.35468 79.02474 78.49691 77.48075 76.63541 75.94462 73.74212 71.45081 69.37842 68.15113 68.8818 69.04714 69.24835 69.11843 68.54292 67.88213 66.40115 64.73227 62.40905 59.99886 57.61485 52.80238 49.08843 49.40069 48.36321 45.07144 40.48521 35.9043 30.5646 26.40545 23.382 21.7194 20.68211
69.59655 70.73671 71.89055 72.92318 74.9314 76.1833 77.86229 80.44617 82.14121 82.41345 83.65361 85.24397 85.7141 86.35041 86.78123 86.88783 87.87482 88.22124 90.33679 91.01838 91.16235 91.22074 90.79222 89.52422 90.12256 89.09459 86.97038 85.91702 82.9006 79.12449 76.33635 76.03721 75.63171 75.45538 74.62281 72.51854 70.5778 68.55707 66.12365 64.85613 64.84698 65.58123 65.88766 66.26134 66.19375 65.74929 64.90771 63.1933 61.28477 58.45843 55.3589 51.8875 46.95154 46.46877 44.81741 41.69868 37.82634 33.64428 28.65243 24.3649 21.63391 20.44728 19.76253
69.13287 70.67438 72.07194 73.0491 75.2364 76.68542 77.68208 81.45479 82.32974 82.39592 84.06432 84.54424 85.11678 85.39529 86.03252 86.59879 86.84848 87.18993 87.96189 89.40968 89.32919 89.75536 89.72702 88.95 89.67854 87.21082 85.64371 84.20926 81.23502 77.55461 74.98353 73.07666 72.82536 72.81493 71.81779 69.79355 67.96926 65.60701 62.72652 61.29086 60.84779 61.904 62.44875 63.04316 63.62659 63.63245 62.91699 61.87387 59.96395 57.19423 53.49993 49.36813 45.60492 40.9568 40.32549 37.81662 34.20159 30.88873 26.27426 21.80131 19.85966 19.00702 18.69459
