DEM/sd.tin.asc
ncols 640
nrows 480
xllcorner 1403200
yllcorner 4911500
cellsize 10
NODATA_value -9999
[rows 224 to 251 of 480, columns 315 to 377 of 640]
1.090245 1.131893 1.185623 1.112912 1.080529 0.9838805 1.05 1.26327 1.110745 1.175673 1.126129 1.084612 1.124685 0.9858653 0.8705705 0.8254339 1.055319 0.9995635 1.186873 1.029331 1.101788 0.9038065 0.7060305 0.9385582 0.8454347 0.7452323 0.7796262 0.9440566 0.9649676 0.9398733 0.7717859 0.8536569 0.7491845 0.9432935 0.9580192 0.8806655 0.808111 0.8549776 0.7079365 0.8112546 0.7577354 0.8206859 0.662381 0.4731389 0.7188322 0.6299381 0.653775 0.6979125 0.8196781 0.7053637 0.7060246 0.741872 0.8004678 0.8186486 0.8271765 0.7336596 0.7264991 0.7520278 0.5809395 0.6437016 0.7589059 0.8870465 0.8478166
1.191945 1.098855 1.326326 1.037946 1.044783 1.060417 1.033019 1.227673 1.300074 1.08454 1.187237 1.146772 1.02011 1.056824 1.033148 0.8798509 1.018853 0.941579 0.9604099 1.100076 0.9476354 0.7437507 0.6898755 0.807135 0.8167665 0.8114963 0.8640133 0.8012089 0.8280405 0.6896695 0.7505795 0.961118 0.6596348 0.7077163 0.7883836 0.90504 0.8595105 0.8565512 0.6878482 0.867363 0.879359 0.8666963 0.7814307 0.670894 0.6412059 0.8434775 0.9062749 0.8684983 0.7847176 0.7132794 0.6820872 0.6721469 0.6956903 0.7007339 0.7153891 0.9840177 0.9579467 0.8258566 0.6498291 0.7989656 0.8920596 0.9264322 0.9151332
1.174097 1.156062 1.093255 1.232569 1.139913 1.094595 1.200378 1.297895 1.262928 1.392318 1.118186 1.041181 1.043225 1.067298 1.046607 0.9804497 0.9289367 0.939001 0.8977839 1.002699 0.9945801 0.9265346 0.8096282 0.7869716 0.8475956 0.9703127 0.8737586 0.7148129 0.8350771 0.9182101 0.8891793 0.8244928 0.8283659 0.7861179 0.7804472 0.9453343 0.8548832 0.9728144 0.7657439 0.8750611 0.7853956 0.5293732 0.6595958 0.7317684 0.9467722 0.8607475 0.9755942 0.7838786 0.726268 0.6688401 0.8490067 0.9169459 1.028219 1.045122 1.015597 0.8905458 0.7896204 0.8414893 0.5967346 0.6790109 0.6439323 0.656907 0.8182922
1.169716 1.151049 1.085384 1.144543 1.116396 1.168566 1.241425 1.404489 1.372675 1.253827 1.163939 1.068909 1.12152 1.209148 1.183836 0.9945299 0.8017915 0.8406273 0.9859448 0.9661342 0.9705461 0.9096828 0.8510896 0.9379475 0.9852663 0.9626905 0.9286783 0.7675723 0.8850556 0.8798952 0.8828215 0.7073274 0.92478 0.9925063 0.9338288 0.8102682 0.9262252 0.7134588 0.7401377 0.6927613 0.7459142 0.6362953 0.6910213 0.6459125 0.8533183 0.8368005 0.9927559 0.8104149 0.7383617 0.7411011 1.007095 1.00877 1.062602 1.144053 1.047222 0.8832245 0.9447939 0.8641934 0.7745441 0.6571287 0.7181342 0.7742998 0.8116579
1.169452 1.096346 1.120879 1.058982 1.229788 0.983072 1.257155 1.358835 1.268489 1.148006 1.244196 1.117345 1.188009 1.001399 1.039167 1.008878 1.003367 0.9919153 0.9518605 0.9804036 0.9165502 0.9455628 0.9302688 0.9641559 0.7333542 0.8496975 0.8331229 0.9048579 0.8317219 0.8788113 0.8856969 0.873439 0.8882496 0.7474774 0.8512406 0.9083853 0.8676858 0.895097 0.6446154 0.8680822 0.7973361 0.6777341 0.8404392 0.5873111 0.8413292 0.8567587 0.9418837 0.8941357 0.7444035 0.693952 0.8171085 0.849922 1.024766 1.012827 1.156457 0.9058954 0.8651537 0.7998549 0.512064 0.7456516 0.8126027 0.7818947 0.7736254
1.000262 1.179556 1.074912 1.235397 1.073833 1.25534 1.126827 1.109318 1.158556 1.167529 1.241914 1.12052 1.024893 1.075473 0.9677287 0.8996944 0.9715762 0.9789726 0.8307245 0.9605547 1.056044 0.9138792 0.8566766 0.7627086 0.6811695 0.7350119 0.8710501 0.9493446 0.7498676 0.940267 0.95 0.9163473 0.9539217 0.8232346 0.8796863 0.9465738 0.8410369 0.7299485 0.629751 0.5891473 0.5770378 0.8613747 0.6745666 0.7422873 0.843289 0.7555033 0.9734024 0.8247802 0.6723081 0.791725 0.8848292 0.8963951 0.9302987 0.8340983 0.8900416 0.9615946 0.9032913 0.7675911 0.4721908 0.6315821 0.6395593 0.6039845 0.588479
1.038571 1.095625 1.193871 1.054158 1.131088 1.158076 1.117854 1.142602 1.212771 1.192696 1.194805 1.142012 1.213916 1.120845 1.086989 0.9525303 0.9824484 0.9303917 0.8330847 0.9064555 0.9143216 0.7724543 0.6982297 0.861568 0.7730382 0.9228063 0.8965949 0.9298323 0.8669841 0.7660726 0.7877862 0.8961627 0.8888526 0.8126541 0.8794524 0.7641049 0.737856 0.7855319 0.7680574 0.8563062 0.8386377 0.7779379 0.6602531 0.6810057 0.7440352 0.9652855 0.8966172 0.9206181 0.7318005 0.7231171 0.7286016 0.81632 0.8246823 0.8239535 0.966951 0.8717809 0.7235854 0.7978112 0.5643499 0.7232628 0.6973742 0.6738663 0.7534416
1.099375 1.256304 1.155538 1.161953 1.148573 1.055065 1.218141 1.062667 1.143868 1.223574 1.178684 1.086536 1.106354 1.101249 1.106602 0.9353884 0.9986076 0.9700251 0.9614576 0.9272891 0.8910094 1.116472 0.9818656 0.890134 0.8509635 0.7909137 0.9392868 0.9170768 1.04508 0.9677301 0.9013755 0.8777105 0.8114328 0.8147511 0.8393848 0.8917776 0.7105442 0.8720555 0.8606105 1.07866 0.9472046 0.8363432 0.753866 0.7589104 0.9138857 0.9309936 0.936758 0.9221845 0.7244873 0.7202868 0.7435586 0.696863 0.6478997 0.7476114 0.8590753 0.8575398 0.7952894 0.8286213 0.5707225 0.7306444 0.8581991 0.8671095 0.7486557
1.100896 1.241612 0.9976928 1.078859 1.081941 1.055531 0.9812602 1.161637 1.187481 1.168811 1.108748 1.134077 1.25941 1.226406 1.036877 0.9616057 0.8871408 1.123614 1.1694 0.8557769 0.830309 1.076747 0.8777891 0.9151961 0.9621819 0.9623827 0.8859532 0.9677299 0.9885185 0.8955743 0.7570298 0.6802216 0.8127178 0.8148443 0.8476571 0.9855009 0.9547732 1.029734 1.039421 1.081187 0.8518456 0.7917199 0.7403809 0.8096631 0.8594455 0.8550765 0.9363442 0.8812375 0.7047555 0.7960078 1.073331 1.014148 0.8745562 0.6648214 0.8346625 0.7525012 0.7116548 0.7794485 0.6008376 0.7141356 0.7220764 0.6669161 0.5992264
1.145857 1.03996 1.032577 1.010843 1.110632 1.117153 1.071063 1.162175 1.010976 1.152762 0.9344475 1.157185 1.340693 1.296467 1.210911 1.08783 1.135587 1.087291 0.9159874 1.021315 0.9800841 1.036343 1.001513 0.8919961 0.8991067 1.146486 0.9200599 1.016046 0.8967024 0.8130325 0.9396898 0.9058133 0.8496755 0.9294336 0.9358421 0.8994963 0.8378211 0.9463305 0.9449807 0.8715971 0.923799 0.7930557 0.7338063 0.7904053 0.7698027 0.8114631 0.824165 0.8044112 0.7266541 0.8243604 0.9694663 0.9354752 0.8367937 0.6530867 0.7414544 0.8767878 0.8217266 0.7971141 0.5646272 0.7983766 0.6976405 0.6102649 0.6296585
1.112317 0.904171 0.9704025 1.141271 1.286762 1.275072 1.192436 1.021449 1.196695 1.081155 1.009682 1.015203 1.098856 1.109452 1.054304 1.171846 1.169364 0.9448684 0.9217808 1.027568 1.040619 1.069372 0.9816162 1.041818 1.092285 1.018851 1.019845 0.8211311 0.7566603 0.9042102 0.9355768 0.8077903 0.8856714 0.9736667 0.8299801 0.8866852 0.8533515 0.8700582 1.019698 1.008075 0.8590441 0.9333124 0.7786618 0.6509261 0.8078205 0.8 0.9014582 0.7608829 0.7946835 0.8416918 0.7919186 0.74142 0.7647024 0.5896992 0.811401 0.8486641 0.810678 0.8082474 0.4946908 0.6406822 0.7095839 0.5216327 0.7390656
0.8304486 0.9632739 1.004434 1.140622 1.2068 0.9617463 1.087833 0.9588985 1.046298 1.203879 1.105996 1.151928 1.175329 1.177585 1.030663 0.9 1.086851 1.078594 1.012791 1.042826 0.964188 0.9211519 0.8924161 0.9792891 0.9898642 0.8359823 0.8759264 0.7942472 0.7992943 0.7620896 0.8110031 0.9023454 0.703929 0.7819899 0.8513824 0.899883 0.8733264 0.9387631 1.283712 0.995625 0.8463953 0.898302 0.8862624 0.5972093 0.6487862 0.7670282 0.8739658 0.8685832 0.797083 0.8602375 0.7889008 0.782001 0.7681136 0.8527535 0.8414423 0.8157567 0.8258506 0.8032425 0.8917664 0.809576 0.7998059 0.7524205 0.674126
0.9346143 0.8730041 0.9386628 1.127183 1.01254 1.094386 1.036544 1.125315 1.016293 1.15539 0.89 1.174695 1.191365 1.120786 0.930604 0.9654372 1.091764 0.9186062 0.943435 1.016074 0.9393578 0.9154451 0.9123274 1.072288 0.9253032 0.69 0.6834079 0.6946599 0.6051608 0.772751 0.8382181 0.8593662 0.760467 0.8877468 0.9325764 0.97 0.9590873 1.026983 1.030077 0.9317051 0.943599 0.9373085 0.8366668 0.7880253 0.8587179 0.8561533 0.8627489 0.8813673 0.8064288 0.7745028 0.9744175 0.8235107 0.8326157 0.7939 0.6104917 0.7422069 0.7984532 0.7413148 0.6877727 0.6893201 0.8192703 0.7104129 0.7210052
0.9295188 1.065765 1.003175 1.085582 0.9164983 1.082634 1.059109 0.9695382 0.953697 0.8822372 1.222646 0.9799095 1.068157 1.041619 0.9537733 1.029413 1.0624 0.9531779 0.9609696 1.14332 1.100921 0.9363343 0.9240268 0.8257058 0.9120447 0.7878845 0.8918138 0.7873805 0.7894675 0.748114 0.8629764 0.9437068 0.978772 0.7756225 0.8346691 1.004923 0.9614778 0.9998801 0.7598351 1.009315 0.9200335 0.8455014 0.8568271 0.9657896 0.7646106 0.7025957 0.8563699 0.8747391 0.854904 0.8721565 0.8104652 0.7478058 0.7710915 0.7431251 0.4975594 0.7864284 0.7334045 0.7870415 0.5974911 0.7346957 0.9321176 0.7803071 0.7776186
1.141612 0.9602897 0.9163142 1.027561 0.8341784 0.9715519 1.166347 0.9686427 0.9559649 0.9744132 1.000682 1.046366 0.9737086 1.112053 0.9925551 0.9895082 0.9096532 0.9773064 0.9535545 0.9837089 1.114722 0.904074 0.9803291 0.7396716 0.8351356 0.8999199 0.9149575 0.800878 0.7894873 0.8319753 0.7869373 0.8706557 0.858683 0.7950744 0.6970654 0.8298744 0.9646296 0.9146804 0.9580668 0.8750743 0.9499023 0.8599108 1.174286 1.070344 0.9515519 0.6410891 0.7074894 0.9273347 0.9062579 0.8396263 0.7058212 0.7717304 0.7385744 0.7278449 0.6746358 0.859855 0.52553 0.6043684 0.5039176 0.6530172 0.8153295 0.8537866 0.7597374
0.974314 0.8735553 0.9504027 0.9165846 0.88007 0.914245 0.7972762 1.009046 0.9611633 0.9661101 0.9263843 1.188974 0.9000329 0.9474136 0.9380658 0.9086598 1.154611 1.022759 0.9687135 0.9814336 0.8440824 0.8869842 0.98 0.8313557 0.7608173 0.6924751 0.9410196 0.8471959 0.5983738 0.6683748 0.8354378 0.7588173 0.74733 0.751131 0.6410133 0.9012829 0.8855188 0.9164299 0.8813543 0.885951 0.9240403 1.018889 1.07979 0.8659496 0.8438027 0.8887974 0.8389731 0.7507211 0.8522182 0.818612 0.7236096 0.8935521 0.8710859 0.8835363 0.6720539 0.81944 0.858955 0.7871496 0.5451131 0.6823596 0.8613287 0.9764758 0.8535171
1.012962 0.9841785 0.9631243 0.9148567 0.9504573 0.8589207 0.8890301 0.8843296 0.9786336 0.8494608 0.983434 0.8956027 1.116217 0.8939461 0.9756832 0.9650649 0.9000982 1.032107 0.9321659 0.9640285 0.9254412 0.9052241 0.9731196 0.9750054 0.883629 0.653313 0.8087598 0.8464398 0.80674 0.6855598 1.190843 0.7866979 0.6803623 0.6613536 0.6664484 0.8314786 0.836292 0.925 0.8961542 0.9426838 0.8222169 1.016064 1.065134 1.007224 0.9565758 0.8621577 0.7339342 0.7514851 0.8469012 0.7646492 0.8423362 0.8989841 0.9548878 0.8343067 0.79 0.8444691 0.8004777 0.7417232 0.6176038 0.6146334 0.7688225 0.9484711 0.8963091
0.876693 0.8610297 0.9163798 0.7931695 0.975435 0.7645266 0.7439138 0.9704536 0.998018 1.149879 1.176107 0.9750422 1.134036 0.9652222 0.9351071 1.051253 1.074819 1.218869 1.020352 0.8785434 0.9329002 0.9420512 0.8874432 0.9553714 0.8786044 0.6362115 0.866506 0.9271199 0.8048118 1.057384 0.9752462 0.6981548 0.7106096 0.7598327 0.727578 0.9418621 0.8688892 0.9191497 0.8753124 0.7534643 0.8743827 0.7964505 0.9496253 1.102892 0.8800735 0.9778315 0.8985133 0.8168094 0.8066127 0.7850337 0.8284356 0.9391264 0.8134809 0.8087144 0.7829649 0.8030864 0.8305938 0.8995252 0.6683945 0.7682014 0.9700503 0.9578254 0.914017
0.8309063 0.9043182 0.8915468 1.030875 0.940056 0.8684365 0.8743015 0.8667051 1.076311 0.833562 0.9944376 0.9265161 0.9536361 1.107247 0.9513271 1.135496 1.209379 1.112721 0.7718403 0.8905752 0.9498616 0.9008463 0.8938122 0.9982833 0.9724612 0.8806323 0.741626 0.8254141 0.8321168 0.8594426 0.8086075 0.7837684 0.6568005 0.6465605 0.9569985 0.9895808 0.8334763 0.8793696 0.8352351 0.7813047 0.9094732 0.9985449 1.07594 1.005568 1.017063 0.9640407 0.9382985 1.05665 0.8062516 0.8359098 0.8069298 0.8407536 0.9106701 0.9795287 0.8721972 0.8628162 0.7373754 0.8600593 0.621996 0.7073382 0.8257874 0.8600614 0.752903
1.129364 0.8414994 0.8206486 1.093541 1.001366 0.9547995 0.992833 1.050144 1.09571 0.9831363 1.059839 1.039233 0.9959328 0.9083015 1.043307 1.141176 1.115887 1.173017 1.086809 1.161147 0.9623508 0.9100166 0.7990239 0.8188059 1.048784 1.152526 0.7065407 0.7539013 0.797338 0.7175365 0.8307318 0.8806266 0.9202999 0.7421954 0.9621285 0.8588046 0.8337482 0.7504125 0.7122105 0.8766842 0.9790332 1.08303 1.122526 0.9731293 1.201418 1.127331 1.079334 1.069943 0.854928 0.7622104 0.8532932 0.8956864 0.8896847 0.9075327 0.9576454 0.8518962 0.8618802 0.8035582 0.6949828 0.7422849 0.8074862 0.7190272 0.6738499
0.9384248 0.8905134 0.943009 0.8745464 1.059797 1.006646 0.8525676 1.094985 0.825836 1.221078 1.061823 1.09124 1.148649 1.028363 1.151765 0.9348413 1.243212 1.065908 1.159033 1.142404 0.9830137 0.938503 0.8888591 1.180207 1.192513 1.155033 0.8939461 0.7402577 0.9078888 0.840434 0.9809918 0.9444775 0.7818722 0.8447616 0.8175987 0.8433791 0.9363971 0.9137818 0.8986237 0.9412216 1.043429 1.352486 0.8490934 1.216799 1.078641 0.9334381 0.9843207 0.8142859 0.8388094 0.8840262 0.9174569 0.9121265 0.909562 0.8714722 0.9686058 0.9110196 0.8902315 0.9057615 0.6637679 0.7754276 0.6849567 0.6697465 0.6763781
0.9406702 0.9536608 0.844308 0.9593275 0.9167285 1.012546 0.8697383 0.9138491 0.6755741 1.22845 1.193067 1.126119 1.143733 1.124296 1.103878 1.229635 1.068638 1.10613 1.121063 0.9808924 0.9906755 0.9776049 1.327109 1.215662 0.9889365 1.12252 1.069334 0.8457199 0.8045582 0.9429085 0.81724 0.8882472 0.8076844 0.8307222 0.847923 1.047883 0.9465058 0.8923287 0.9086545 0.8701572 1.065828 1.210706 1.223211 1.077648 1.053389 0.8007966 0.9133334 0.8484225 0.7968389 0.9148955 1.001864 0.9134618 0.9770632 0.9356459 0.9088128 0.929799 0.9369193 0.9231044 0.6717165 0.7345697 0.6781408 0.6883584 0.5992991
1.007061 0.9352195 0.8341501 0.8868164 0.9261726 0.8805348 0.9394815 0.8214771 0.6816183 0.7342516 0.7072021 1.009676 1.002897 1.139166 1.144056 1.052505 1.114996 1.128579 1.122658 1.051891 0.9978175 0.8961141 1.044078 0.9581596 1.093458 0.9878427 1.080387 0.9225266 0.7616619 0.7178997 0.9380316 0.9826707 0.7453228 0.8601317 0.8537484 0.8483915 0.8983901 1.099832 0.9949424 0.6767139 0.851935 1.254264 1.319571 0.9812577 0.8394775 0.8267647 0.6336679 1.065231 0.9117019 0.9365398 0.9760659 0.9607754 0.9483336 0.9908342 0.9124964 0.9306278 0.8677133 0.8409942 0.6331226 0.6609558 0.7524955 0.8050371 0.8297262
0.9777496 0.9173014 0.9119182 0.8660131 0.9571895 0.7849779 0.8981975 0.6637068 0.834751 0.789795 0.7602845 0.6053431 1.073388 1.068078 1.249749 1.032912 1.292666 1.005806 1.010362 1.259654 1.002503 0.9092761 1.12288 1.099037 1.130559 1.082828 1.116558 0.984374 0.8483281 0.7659125 0.9276329 0.8755643 0.8362091 0.9183737 0.7708451 0.7961919 0.9175887 1.054714 0.9790171 0.8738393 0.9483959 1.11455 0.9061599 0.8810565 0.7851484 0.9024882 1.113807 1.030223 0.8916215 0.8884221 1.030391 0.9504124 0.9046751 0.773284 0.8109107 0.7893721 0.9283275 0.8283194 0.7186539 0.6586285 0.9069617 0.8605129 0.7932935
0.8659721 0.8695361 0.8260738 0.9145045 0.8089825 0.9534155 0.7182562 0.7718681 0.7644243 0.8346626 0.8774844 0.8712851 0.8886616 1.084439 1.091576 1.238766 1.189362 1.321456 1.136724 1.104021 1.005213 1.238538 1.221278 0.9514241 1.065401 1.120472 1.002537 0.7545066 0.7798197 0.852472 0.6471299 0.8512753 0.8728666 0.9153243 1.049358 0.8516349 0.8549491 1.072065 1.118059 0.9901754 0.9016687 0.9925 0.8822289 0.7653053 0.8901698 1.007879 1.097544 1.11615 0.925359 0.9202321 1.027953 0.867861 1.008661 0.760802 0.8479695 0.9340881 0.9352437 0.9409975 0.7519857 0.7095734 0.7694861 0.7945602 0.7474408
0.8857242 0.8527574 0.8193254 0.9011196 1.088682 0.6722063 0.6889079 0.7907451 0.7047662 0.8896943 0.8097481 0.8214769 0.8541666 1.002875 1.191592 1.022307 1.110663 1.169844 1.172735 1.127215 1.211947 1.246711 1.050035 1.022095 1.143118 0.8562005 0.8273113 0.9170776 0.7797205 0.89 0.6834792 0.8458334 0.9445532 1.03051 0.9886785 0.9471083 0.9491217 1.125784 1.054055 0.7462572 0.8977658 0.9682868 0.9333666 0.9702283 0.894033 0.9193125 0.9022266 0.9507483 0.9017647 0.880347 0.8813741 0.7953308 0.7945988 0.7211964 0.8903942 0.8805855 0.8025929 0.8788527 0.7800282 0.6826743 0.8527543 0.9311084 0.8589454
0.698848 0.8972724 0.8990359 0.7332071 0.9432207 0.9188056 0.9371495 0.8842252 0.8113404 0.8399366 0.9095141 0.8493997 1.115231 1.087257 1.100703 1.143129 1.2779 1.033143 1.262231 1.054291 1.108313 1.104318 1.124424 0.9768863 0.8351004 0.9487298 0.90918 0.812061 0.896142 0.9846779 1.059515 0.77486 0.9767398 1.008053 0.9203414 0.9823933 0.9855569 0.8672538 0.8988761 0.9616427 0.8703939 1.047776 0.8963064 1.033766 1.008513 0.9253156 0.9923232 0.8858751 0.9437915 0.9548053 0.8793401 0.931736 1.129284 0.7528661 0.775848 0.7825929 0.7986576 0.7402716 0.7671336 0.7059966 0.8514881 0.8257185 0.6785309
0.8660921 0.8147296 0.9014634 0.6005578 1.07088 1.082975 0.8239424 0.8663241 0.9311803 0.8772012 0.9152873 1.130541 0.8823671 0.9339495 1.357354 1.332698 1.369868 1.13697 1.058686 1.235875 1.066455 1.071615 1.074626 0.9062312 0.7688892 0.8839484 0.9047275 0.9880058 1.053973 1.054718 0.8651632 0.8908451 0.724435 1.069749 1.036621 0.9353278 0.7574265 0.9582176 0.7196546 0.9494925 0.9438084 1.108255 0.8183815 0.7358986 0.8984482 0.9355389 0.9002141 0.9269697 0.8796414 0.9355505 1.039417 1.004197 1.031799 1.086667 1.033017 0.9094328 0.9222199 0.8823254 0.7215628 0.6518573 0.7913693 0.7781474 0.7642453
