DEM/sd.tin.asc
ncols 640
nrows 480
xllcorner 1403200
yllcorner 4911500
cellsize 10
NODATA_value -9999
[rows 112 to 139 of 480, columns 504 to 566 of 640]
53.52637 53.59449 54.18982 55.34741 56.74182 57.85794 58.93565 59.29168 59.34562 59.35054 57.06213 57.09364 57.1611 56.64652 54.56823 51.67153 47.9104 44.30121 40.36662 36.15802 31.6936 26.8378 22.59212 18.12485 13.96694 10.2538 10.01957 10.78148 11.65866 12.96218 13.51157 14.61135 16.98098 20.41027 24.02585 27.48663 29.2683 31.76993 33.46316 34.45617 35.0311 35.45936 35.77837 36.77982 39.37915 41.73112 44.38363 46.87807 49.25872 51.29021 53.0145 55.49819 58.62919 59.89487 61.31314 64.00749 66.02682 68.50137 70.34526 72.12328 72.33438 76.68732 77.7717
52.71896 53.68179 53.70347 53.8657 54.43164 55.85095 57.36425 57.87632 57.77996 56.49027 56.66899 55.85085 54.64943 54.2125 52.28681 49.62936 45.95406 42.47686 38.7523 34.98989 29.50885 24.52884 19.54723 14.75243 10.60778 9.365614 10.54436 10.98335 11.79454 12.97344 13.3415 15.81015 18.20859 22.59475 25.9778 29.3866 31.24203 33.87882 35.35595 36.45881 37.24505 37.45051 37.75439 38.57333 39.70087 41.83313 43.96735 46.41308 48.69444 51.19638 53.50915 55.33036 57.97825 60.00825 61.62888 64.00839 66.8849 68.7748 70.42045 71.69168 75.11091 77.33247 78.98241
50.72216 51.46633 53.73676 53.81453 53.9254 54.04364 54.67545 55.93864 55.90542 55.72916 55.86051 54.59576 53.71972 51.56814 49.26205 45.98463 42.97888 39.25424 36.09074 31.42976 26.37071 21.5461 15.54717 11.05281 8.870084 9.741065 10.56826 11.68135 12.42462 12.62295 16.0192 17.6032 21.01297 24.31526 27.7923 30.7572 33.64104 35.73631 36.87502 38.18137 39.01759 40.28794 40.03963 40.65035 41.38649 42.94065 44.76146 46.987 48.71291 51.13748 53.61123 55.78671 59.28969 59.834 61.76332 64.08617 66.69521 69.833 71.22601 73.69084 75.99857 78.09813 80.02728
48.10317 48.86773 50.65963 52.64141 53.92705 54.19756 54.20124 54.4289 54.62157 53.08699 52.84308 52.28008 50.69294 48.68892 45.70755 41.99888 39.08824 36.08021 31.92732 27.60409 23.22203 18.1678 12.72413 9.880074 8.529349 9.424409 10.65138 11.58435 11.95688 15.95689 18.03355 20.58497 22.56416 27.19723 29.71383 32.53186 35.44932 37.17154 38.65348 39.7072 41.5672 43.21812 43.0121 42.66273 43.71361 44.99677 46.23831 48.21022 50.01338 51.66414 54.18298 55.96197 58.33729 59.68736 62.00739 64.69534 66.60833 69.31025 71.65402 73.88748 76.03578 78.51828 80.75763
46.05537 48.15377 49.9465 51.42603 53.06986 54.09141 54.10237 54.29766 52.59589 51.2748 50.12448 49.00797 47.59672 45.32749 42.5757 38.83863 35.3258 32.28352 28.507 25.04303 20.07648 14.90549 10.7986 8.236649 8.088105 8.487733 10.28915 10.98703 15.2324 17.33025 20.04871 22.64548 25.23597 28.7716 31.82716 34.3145 36.72828 38.52048 39.72937 41.05607 41.92749 43.28898 43.32479 43.2701 45.52102 46.91723 47.4072 49.30428 50.42277 52.35058 54.44708 56.37862 58.39827 60.42436 62.53504 65.15238 66.74854 69.39473 71.96851 74.25797 76.42001 79.1894 80.96452
45.66537 46.94597 48.76384 50.13878 51.04745 51.28767 53.14761 51.89794 50.18195 48.64071 48.0283 45.80424 44.20057 42.58991 39.88594 36.42504 32.58587 29.16157 25.88303 22.13707 16.54655 12.12789 9.310357 7.973318 7.690412 9.31346 10.00552 11.79813 15.59063 18.76377 22.6346 25.21134 28.45189 31.12218 33.05788 34.9596 36.78691 39.02711 40.50282 41.8552 42.86183 43.8274 43.55631 45.90154 46.28602 47.19614 49.04854 49.47166 50.82462 53.03748 54.60994 57.07434 58.74257 60.75825 62.76703 65.17955 66.58912 69.75832 71.6032 73.97803 77.15515 78.75597 80.4782
43.86229 46.01583 47.25549 48.51947 48.93485 50.66188 49.8871 48.59915 47.64827 46.26757 45.21222 42.27346 40.62027 39.08094 37.10739 33.84118 30.23326 26.54636 23.14314 18.51182 13.40376 6.833986 6.690725 7.106127 6.747553 8.850785 9.331005 13.02871 17.28086 20.58331 23.61995 26.96136 29.5368 32.36955 34.49028 36.09907 38.15099 39.46763 41.30047 42.40032 43.56237 44.72343 45.032 46.04122 46.97793 48.34975 49.05149 50.05656 52.25826 53.24236 55.06107 57.26033 59.03823 61.03163 62.9629 65.27599 67.23885 69.65822 70.59633 72.40453 73.94064 77.81394 79.97127
42.89708 44.57 45.53372 46.29143 47.55745 48.02584 46.796 46.16845 44.97446 43.22515 41.40903 39.58654 35.57597 35.10881 33.77383 30.71939 27.69419 23.87484 19.82888 15.17754 10.08838 6.650868 6.270668 6.104197 7.661396 8.183092 10.49421 15.31782 18.01071 22.24152 24.84809 28.03261 30.82483 33.23663 35.02552 36.97079 38.85326 40.34511 41.31229 42.93414 44.00349 44.8926 44.86423 46.52286 47.81041 48.48412 49.51594 51.13134 52.32933 53.46154 55.52011 57.6543 59.22836 61.3631 62.65253 64.07632 65.62036 66.87724 67.8346 69.13894 72.34912 76.06252 78.4052
42.24383 42.86828 43.44242 44.92651 46.11111 43.4933 43.62893 42.93904 41.93678 40.58199 38.82209 36.46499 32.40014 29.67904 29.0645 26.96065 23.74221 20.09989 16.11277 10.71998 6.978147 6.089965 5.992055 6.366415 7.342123 8.205839 12.06391 16.04107 20.27956 22.99472 26.03283 28.86251 31.74799 33.76559 36.22189 37.54067 38.82749 40.23367 41.564 42.84854 43.74834 44.68247 44.87293 45.14058 47.43645 48.58046 49.69307 50.7938 52.28546 53.81494 55.23641 57.47088 59.27588 60.72594 62.04988 62.12589 63.16395 64.80447 66.49301 68.19 69.47778 73.54025 77.22746
41.57916 42.1153 42.22929 43.18758 39.96192 39.83977 39.9236 40.13358 39.14331 37.75645 35.95836 33.25266 29.89489 26.15582 24.63535 23.46252 19.34662 15.88104 13.12284 7.258673 6.50095 5.362665 4.728148 6.492739 7.819693 9.548137 13.79598 16.35156 19.44193 24.33002 26.17893 29.43351 31.83592 34.0769 35.60909 37.04259 38.09921 38.96402 40.1211 41.65682 43.47392 44.36161 44.96383 45.64282 47.62351 47.95896 48.90293 50.7098 51.81931 53.2354 54.6757 56.88432 57.57954 59.40975 59.61339 58.86562 61.89748 64.4573 66.98843 68.89513 69.51811 72.94804 75.99826
39.75076 39.69096 39.89432 39.19117 38.20189 38.01063 38.05669 36.5457 35.20929 34.22854 32.7266 30.41795 27.36522 23.9335 20.56586 18.33792 14.77132 10.96267 5.944922 5.125473 4.803024 4.365483 5.643619 6.044215 8.723719 10.61769 13.01138 17.34053 20.94203 21.21504 26.09796 28.10905 30.86972 31.85937 34.09214 35.36934 35.96549 36.77902 37.93878 39.38195 41.0308 43.17705 43.8602 44.2099 45.2148 47.10552 48.31398 49.62889 50.65462 52.24328 53.69183 55.74561 55.71754 54.21292 54.42807 57.90434 62.65604 64.13335 67.30833 69.01804 69.80763 73.27627 75.92804
37.81241 38.19605 38.27692 36.80877 36.75362 35.53291 33.51167 32.46849 31.09805 29.54434 29.34491 27.44172 24.47309 21.4274 16.57634 13.15967 8.867323 4.389421 3.875156 3.900692 3.98408 4.801675 5.155066 8.620184 10.04597 12.69947 14.15487 16.19662 19.07374 20.53843 21.11622 24.95996 26.73671 29.36105 30.13214 31.095 32.26045 33.38437 34.93282 37.04153 38.32198 39.83278 40.78062 41.56091 41.90719 43.42283 45.24812 46.6495 48.52217 49.46176 50.72088 50.6829 49.16368 48.3189 53.00584 57.89482 59.62116 62.19603 66.31994 68.72545 70.4116 72.57767 74.76861
36.08868 36.36631 34.63908 32.82582 31.65917 31.32722 29.9116 28.6721 26.52081 23.81958 24.12184 23.29305 20.64251 17.72136 12.76218 8.588413 4.130486 3.893755 3.623353 3.624539 4.164272 4.442309 6.908127 9.907253 11.35418 13.71219 13.97261 15.86625 18.22675 18.39017 20.83057 21.19417 21.85387 23.43279 23.55161 25.19355 26.52688 27.63808 29.5255 31.11914 34.41967 35.96013 36.97845 37.29073 38.42025 39.17386 39.08282 41.45152 42.43701 44.97107 46.08574 44.28858 44.36927 47.54986 52.84256 56.88255 59.39312 62.25333 64.31172 66.14273 68.23445 70.44927 72.5292
35.06554 33.88714 32.61652 30.34663 28.1291 27.61458 26.50002 25.11551 23.1996 20.49229 19.46654 19.22356 17.28745 13.57931 9.108351 5.75972 3.860784 3.289127 2.66178 3.419203 3.877899 4.658993 9.207955 10.04452 12.30528 12.73501 13.56857 13.56778 14.38166 17.32406 18.59843 19.55739 20.60702 21.02313 19.60443 20.48824 21.48353 23.11316 25.77078 26.67085 28.25809 29.29442 30.31446 31.7246 33.22298 34.36694 33.42068 34.68193 36.48971 37.79792 40.50209 41.77214 43.23294 46.81934 51.28671 54.5899 57.41494 59.36959 61.38606 62.41273 64.85536 67.1233 69.42455
32.54603 31.86961 29.67197 26.42836 24.99581 23.10458 22.65424 21.2666 19.76434 17.61782 14.81123 14.17364 12.20485 8.565221 5.401936 2.781844 3.06755 2.356283 2.595599 3.074588 3.886168 4.510233 8.071067 9.259231 9.812396 9.783447 8.73667 11.01199 13.8755 16.14427 17.55943 18.65625 20.32054 21.23287 22.81401 22.83369 22.74168 23.32617 25.81202 24.50412 24.24597 25.88574 27.11436 27.83504 29.1379 31.4487 32.84239 35.12666 35.42148 39.5903 40.53809 41.43263 42.66925 45.36252 48.00223 49.75803 52.65377 55.10308 56.7495 59.12075 60.68377 62.56445 64.91989
29.5321 27.2088 27.30038 25.13412 22.38546 19.97752 18.41433 17.27679 14.89426 13.05188 9.631906 9.183252 7.462308 4.022731 2.448006 2.376258 2.646066 2.372258 2.462924 2.729305 4.255967 4.991336 5.670027 7.067409 8.692506 9.863947 11.24782 12.61277 14.21484 15.66647 17.06223 18.56211 19.90164 21.30725 22.63011 23.92354 25.08488 26.09772 26.97102 27.91644 28.18271 28.21694 29.44275 30.81329 31.98942 33.26952 35.39576 36.50793 39.01263 39.7415 40.29065 41.00387 42.25504 42.62584 45.18946 46.77226 47.55502 49.29461 51.99419 54.86913 56.57175 58.58858 60.47109
26.40095 25.19619 23.4183 21.43913 19.25255 16.79155 14.35773 12.62702 11.05968 8.95531 8.088192 6.303288 3.699243 2.319823 2.310462 2.419365 2.412817 2.12455 2.268951 3.021 3.636081 5.759645 6.626293 7.59116 8.741758 10.02197 11.37068 12.87939 15.42475 16.04051 17.45666 20.27376 22.63071 24.43219 26.05075 25.66408 27.11967 27.6727 27.5529 28.37696 29.48207 30.40869 31.38651 32.45986 33.54459 34.67595 35.88238 37.21461 38.77576 40.21538 40.84914 39.96875 39.65473 39.93483 40.40804 40.53115 42.38648 43.59227 47.59536 50.60019 52.90578 55.01817 56.1521
22.98969 21.151 19.74774 17.69986 15.72716 12.47331 10.2739 8.046088 6.440067 5.087255 4.740414 3.197615 2.058519 1.884961 1.909151 2.025181 1.962726 2.131228 2.51595 4.429684 6.063581 7.254706 9.713099 11.93784 12.23084 13.04805 14.31003 15.33979 17.39941 18.90693 19.33058 21.68474 23.41202 24.7356 27.03713 28.0598 29.87333 31.17025 31.60892 30.83344 30.48661 31.44707 32.67573 32.98479 32.97668 35.34092 37.57193 38.48646 40.3005 40.63269 42.56383 44.02893 45.09189 44.53051 44.05025 45.2421 47.24467 48.19881 46.14024 46.7958 51.37055 54.59134 55.02679
19.87178 18.23214 16.09163 13.66302 10.77963 7.458902 4.962669 2.535103 2.012837 2.09984 1.680204 1.581077 1.427923 1.748206 1.74423 1.949186 2.045584 3.288297 6.557242 6.705301 7.183705 11.29479 12.81684 14.63675 16.14716 17.73383 17.97081 17.52934 19.19688 19.72923 20.9591 22.61359 23.37744 24.84862 28.00159 28.94831 31.31935 33.0639 33.05674 32.03011 33.25732 36.91186 37.24196 37.05518 33.47928 37.57461 38.4139 40.91862 41.93605 44.08453 43.83162 44.88272 46.33983 48.04746 49.40002 49.26587 49.13689 50.79499 52.0498 53.05551 53.91832 54.49324 55.044
15.86374 13.77706 11.43432 8.656868 6.209542 3.176145 1.452768 1.079725 0.6 1.572493 1.372369 1.481451 1.649667 1.66183 1.85746 2.050325 3.069745 6.474205 6.764502 6.885959 10.91752 13.67816 16.63248 17.68519 19.0996 20.52887 20.17896 20.60803 21.12874 21.76863 22.2176 23.5406 24.90748 26.92261 28.65051 30.76678 32.73027 34.47481 34.10155 33.04915 37.99192 39.30273 39.55778 39.36684 36.70688 36.456 41.39489 42.18834 44.84019 46.26594 46.86234 47.51853 48.36452 49.4296 50.12775 52.00678 53.29842 54.93607 54.80036 54.94784 54.18586 54.44787 58.49902
9.382178 8.769573 6.281663 3.186021 1.875185 0.4 0.6833521 2.179792 1.340038 1.47423 1.452839 1.366596 1.621819 1.782597 1.892681 2.552361 6.776574 6.793592 6.949276 11.27237 14.50045 16.46097 19.15054 20.63148 22.3094 23.55859 23.09269 24.06527 23.84497 23.72809 23.60061 24.66445 26.19176 28.2743 29.65709 31.47365 33.4857 35.90424 35.29283 37.54166 41.16249 40.63279 41.59912 41.79875 40.11374 36.49509 41.69106 43.99131 45.66238 47.4411 48.37471 49.22212 50.6313 51.91412 52.21324 54.18268 54.15685 55.77232 57.27892 58.6946 58.59764 59.03631 60.77762
5.522553 3.327076 1.209845 0.3 1.469169 1.804644 1.902806 1.402103 1.21495 1.537021 1.452479 1.44857 1.607865 1.801511 1.87751 4.739089 6.236574 8.890848 11.19071 14.60586 15.67362 19.40383 21.76502 23.60575 24.84041 26.84324 27.69265 25.87941 26.54863 25.72619 25.57824 26.06905 27.65898 29.29805 31.10437 32.91611 35.36351 36.90028 36.43979 41.02837 41.94755 43.38504 44.03691 43.65162 43.32935 40.25159 40.73391 45.34514 46.81587 49.66894 49.36071 51.57812 51.83524 53.91105 54.15314 55.76293 56.88806 57.81078 58.51546 59.66999 61.27136 62.85801 63.85718
1.807923 0.3 1.616954 1.394585 1.36921 1.902342 1.535063 1.386079 1.285059 1.320821 1.311672 1.593405 1.767277 1.947478 2.877143 5.377312 8.10049 13.06337 15.52686 16.7521 19.541 21.50703 23.74018 26.05841 27.01757 28.66335 28.99811 28.27589 29.48441 29.15279 28.13468 28.11147 29.48228 31.53004 33.30064 34.69103 37.9695 38.03175 39.69823 42.13564 43.10126 44.45715 45.87075 45.88243 45.847 43.96711 40.81693 46.00989 48.3878 50.12084 51.79472 53.23318 54.80969 55.7538 56.26484 58.15047 58.26442 59.19075 59.73166 60.88472 62.10237 63.90361 65.32913
0.1 1.326262 1.70265 1.408136 1.802942 1.703387 1.571291 1.407207 1.5251 1.299461 1.312515 1.542142 1.874872 2.487411 4.148826 10.69703 13.619 14.63746 17.03329 19.41751 22.16898 25.1739 26.57963 28.18372 29.12533 30.28662 31.41384 32.47524 32.77664 31.69269 31.91836 30.55622 31.96719 33.74412 35.52182 38.75919 39.12733 39.46841 41.42999 42.02685 44.16479 45.38219 47.5878 47.62077 47.31631 47.10753 43.74183 45.71316 49.16937 50.74974 52.47918 53.89819 55.3522 57.10148 59.39558 59.67403 59.54665 59.59545 60.11609 62.09403 63.36646 65.28373 66.38018
0.8476672 1.921538 1.993756 1.935586 1.669617 1.485588 1.362054 1.469335 1.510953 1.52939 1.50582 1.752744 1.842656 3.335416 6.521739 11.44514 16.57585 16.25356 19.97325 22.89977 25.05356 28.49382 29.47571 29.76468 30.41382 32.40858 33.56569 33.81055 34.99739 35.49032 34.38718 33.66705 34.1816 34.96881 39.65292 39.85379 39.87053 41.29212 41.92144 43.75787 45.10405 46.60061 48.54388 49.36693 49.52374 49.10394 46.87452 45.90789 49.46083 51.95406 52.91992 54.72808 56.13739 56.66462 59.03772 59.81 59.79956 60.62457 62.50786 63.13676 64.28778 65.9311 67.65125
1.677241 1.771306 1.851857 1.820482 1.626414 1.611873 1.482746 1.37015 1.596474 1.566075 1.61537 1.733885 2.7464 4.867763 8.656435 13.7711 16.56573 19.76763 22.74366 24.8424 27.51972 29.16644 29.55997 29.78705 32.57177 33.16221 33.97245 35.70953 36.97146 36.88612 36.64607 35.70974 38.13815 39.9413 40.27368 40.22778 41.12932 42.29124 43.0786 45.024 46.49164 47.60221 50.53015 51.6165 51.24294 50.49208 50.52147 48.57315 48.45637 50.5717 52.9605 54.9123 56.1689 57.08812 57.84004 58.88837 59.93943 61.57895 62.44387 64.10169 65.48456 66.80677 68.08348
1.530272 1.518929 1.623333 1.660328 1.584289 1.512164 1.638211 1.675804 1.549011 1.548952 1.708796 2.214216 3.206048 5.592379 10.72441 15.29692 18.75345 22.01161 24.30025 25.8207 28.51857 29.32548 29.8312 31.29332 33.756 35.19273 35.8232 37.487 38.24853 38.94011 39.23991 39.46788 40.03992 40.24943 40.61013 40.85169 41.78635 43.72188 44.38696 46.48468 47.51738 49.51106 52.00865 52.75534 52.91715 52.53174 51.92041 52.65747 51.16079 50.34153 50.45148 53.38198 55.99811 56.7034 57.10838 58.59098 59.5229 61.1391 62.71085 65.27164 65.76219 66.86612 68.37791
1.5898 1.361148 1.462188 1.52625 1.671897 1.507534 1.773987 1.627176 1.595389 1.698402 1.83471 2.561471 3.290921 6.781654 12.0448 17.69014 21.39592 23.94209 25.93829 26.05184 29.30429 29.66492 29.93415 32.59602 34.12122 35.64133 37.47117 37.71156 38.31821 38.74521 39.23801 39.6355 41.71164 41.77491 43.63548 44.91518 42.67056 43.7985 46.1261 47.03329 49.17232 50.8515 52.28374 52.78173 53.86494 53.92267 53.61624 55.07532 54.26564 53.32611 52.73142 52.45226 53.14207 55.21201 56.70324 57.08128 58.33161 60.21401 61.61341 63.51434 65.58747 65.81232 67.68812
