DEM/wka.tin.asc
ncols 448
nrows 640
xllcorner 1275147.96844
yllcorner 5015027.08955
cellsize 100
NODATA_value -9999
[rows 510 to 543 of 640, columns 304 to 379 of 448]
1150.0 1138.0 1093.0 1066.0 1040.0 1027.0 973.0 945.0 911.0 896.0 869.0 866.0 890.0 869.0 862.0 859.0 800.0 764.0 688.0 662.0 665.0 670.0 624.0 593.0 527.0 493.0 443.0 438.0 421.0 416.0 393.0 384.0 351.0 344.0 335.0 330.0 339.0 340.0 316.0 298.0 293.0 288.0 284.0 280.0 276.0 274.0 272.0 271.0 270.0 266.0 264.0 266.0 262.0 248.0 230.0 231.0 243.0 248.0 248.0 248.0 248.0 251.0 248.0 248.0 248.0 248.0 253.0 251.0 256.0 259.0 258.0 253.0 252.0 251.0 251.0 252.0
1127.0 1139.0 1124.0 1095.0 1071.0 1052.0 997.0 972.0 926.0 902.0 855.0 833.0 801.0 825.0 840.0 846.0 796.0 764.0 694.0 662.0 626.0 641.0 635.0 612.0 557.0 522.0 458.0 433.0 421.0 411.0 389.0 380.0 419.0 408.0 356.0 333.0 319.0 319.0 311.0 296.0 294.0 288.0 285.0 280.0 278.0 275.0 273.0 271.0 269.0 265.0 262.0 260.0 252.0 232.0 228.0 234.0 244.0 247.0 248.0 247.0 248.0 249.0 249.0 246.0 247.0 246.0 249.0 251.0 254.0 258.0 257.0 255.0 253.0 252.0 251.0 250.0
1114.0 1126.0 1124.0 1103.0 1085.0 1041.0 1016.0 959.0 918.0 897.0 878.0 853.0 780.0 780.0 802.0 815.0 797.0 766.0 697.0 662.0 593.0 591.0 606.0 610.0 569.0 539.0 491.0 475.0 461.0 459.0 496.0 481.0 462.0 444.0 388.0 362.0 314.0 311.0 303.0 298.0 292.0 291.0 286.0 280.0 279.0 274.0 273.0 270.0 268.0 266.0 265.0 250.0 251.0 228.0 226.0 240.0 245.0 248.0 247.0 249.0 250.0 248.0 247.0 248.0 247.0 247.0 247.0 251.0 252.0 257.0 259.0 253.0 250.0 251.0 250.0 249.0
1087.0 1109.0 1117.0 1096.0 1084.0 1049.0 1030.0 988.0 997.0 953.0 930.0 862.0 827.0 757.0 757.0 781.0 790.0 767.0 705.0 678.0 608.0 578.0 566.0 586.0 571.0 552.0 526.0 517.0 498.0 501.0 512.0 508.0 483.0 459.0 400.0 376.0 319.0 309.0 302.0 299.0 288.0 287.0 286.0 281.0 276.0 274.0 272.0 268.0 266.0 262.0 255.0 250.0 247.0 226.0 224.0 243.0 245.0 248.0 247.0 246.0 247.0 250.0 247.0 247.0 246.0 245.0 246.0 250.0 254.0 253.0 253.0 253.0 251.0 251.0 252.0 250.0
1053.0 1099.0 1114.0 1097.0 1087.0 1057.0 1045.0 987.0 975.0 948.0 926.0 865.0 840.0 780.0 746.0 743.0 768.0 764.0 716.0 688.0 626.0 593.0 535.0 543.0 532.0 518.0 512.0 454.0 440.0 447.0 483.0 496.0 487.0 455.0 399.0 385.0 335.0 310.0 300.0 296.0 291.0 281.0 278.0 276.0 274.0 271.0 269.0 264.0 265.0 257.0 252.0 242.0 238.0 226.0 226.0 242.0 241.0 248.0 248.0 247.0 245.0 248.0 249.0 248.0 246.0 244.0 246.0 249.0 252.0 255.0 251.0 252.0 251.0 250.0 249.0 249.0
1030.0 1083.0 1098.0 1084.0 1073.0 1020.0 1004.0 967.0 946.0 918.0 895.0 851.0 826.0 793.0 762.0 713.0 737.0 752.0 731.0 676.0 646.0 592.0 528.0 508.0 482.0 473.0 476.0 471.0 417.0 401.0 424.0 442.0 466.0 443.0 392.0 377.0 335.0 309.0 294.0 293.0 289.0 284.0 270.0 267.0 266.0 265.0 258.0 259.0 261.0 258.0 250.0 249.0 231.0 226.0 227.0 242.0 242.0 248.0 249.0 247.0 246.0 246.0 246.0 246.0 247.0 245.0 247.0 248.0 253.0 254.0 252.0 251.0 249.0 250.0 251.0 249.0
1006.0 1054.0 1072.0 1071.0 1045.0 1008.0 998.0 964.0 945.0 899.0 876.0 833.0 804.0 776.0 759.0 696.0 714.0 730.0 707.0 655.0 633.0 584.0 558.0 491.0 506.0 523.0 516.0 503.0 449.0 412.0 375.0 395.0 438.0 428.0 387.0 369.0 325.0 303.0 291.0 289.0 288.0 285.0 273.0 267.0 261.0 258.0 246.0 247.0 246.0 242.0 238.0 240.0 229.0 227.0 231.0 235.0 238.0 244.0 249.0 248.0 247.0 244.0 244.0 246.0 246.0 248.0 248.0 248.0 252.0 253.0 252.0 250.0 250.0 251.0 251.0 249.0
983.0 1029.0 1016.0 1038.0 1031.0 998.0 975.0 940.0 927.0 887.0 865.0 821.0 790.0 742.0 734.0 678.0 689.0 717.0 690.0 624.0 598.0 561.0 508.0 524.0 539.0 542.0 539.0 525.0 505.0 437.0 402.0 355.0 385.0 393.0 372.0 358.0 316.0 297.0 289.0 286.0 283.0 280.0 277.0 274.0 263.0 261.0 252.0 249.0 241.0 239.0 232.0 231.0 226.0 228.0 232.0 235.0 238.0 243.0 249.0 252.0 248.0 247.0 245.0 251.0 248.0 251.0 249.0 250.0 251.0 251.0 250.0 250.0 250.0 249.0 250.0 249.0
964.0 971.0 1000.0 1028.0 1022.0 992.0 974.0 923.0 895.0 853.0 842.0 796.0 766.0 717.0 700.0 656.0 668.0 701.0 669.0 600.0 568.0 534.0 542.0 557.0 561.0 551.0 540.0 530.0 516.0 464.0 426.0 360.0 341.0 341.0 335.0 331.0 303.0 294.0 284.0 282.0 280.0 276.0 276.0 274.0 268.0 267.0 265.0 265.0 254.0 251.0 246.0 241.0 227.0 225.0 232.0 238.0 239.0 241.0 248.0 250.0 251.0 251.0 252.0 255.0 253.0 252.0 247.0 249.0 252.0 252.0 249.0 250.0 250.0 250.0 249.0 249.0
925.0 936.0 987.0 1003.0 1013.0 1003.0 966.0 921.0 897.0 846.0 819.0 789.0 778.0 743.0 718.0 662.0 644.0 665.0 640.0 563.0 579.0 586.0 577.0 574.0 567.0 543.0 529.0 516.0 512.0 478.0 452.0 391.0 361.0 333.0 323.0 306.0 303.0 294.0 288.0 278.0 275.0 273.0 271.0 270.0 271.0 267.0 265.0 263.0 257.0 254.0 251.0 248.0 229.0 224.0 228.0 236.0 241.0 242.0 246.0 248.0 249.0 250.0 248.0 250.0 253.0 253.0 249.0 247.0 252.0 251.0 250.0 249.0 248.0 251.0 248.0 248.0
884.0 908.0 970.0 992.0 995.0 982.0 959.0 942.0 897.0 872.0 830.0 829.0 811.0 770.0 739.0 685.0 644.0 618.0 586.0 590.0 610.0 608.0 598.0 580.0 566.0 533.0 522.0 501.0 495.0 477.0 463.0 422.0 403.0 375.0 357.0 306.0 297.0 295.0 288.0 280.0 278.0 269.0 266.0 265.0 266.0 268.0 263.0 258.0 253.0 252.0 249.0 248.0 235.0 225.0 224.0 227.0 240.0 238.0 237.0 234.0 246.0 246.0 248.0 250.0 249.0 250.0 250.0 250.0 251.0 251.0 251.0 249.0 247.0 249.0 248.0 248.0
869.0 903.0 966.0 984.0 991.0 980.0 937.0 923.0 885.0 866.0 863.0 859.0 828.0 801.0 755.0 736.0 679.0 626.0 614.0 624.0 631.0 624.0 603.0 571.0 557.0 537.0 529.0 495.0 481.0 460.0 451.0 430.0 418.0 376.0 357.0 309.0 298.0 289.0 286.0 282.0 279.0 270.0 265.0 261.0 262.0 262.0 264.0 260.0 250.0 251.0 248.0 246.0 235.0 228.0 228.0 229.0 237.0 235.0 235.0 234.0 235.0 235.0 239.0 242.0 247.0 248.0 250.0 249.0 252.0 251.0 247.0 249.0 249.0 249.0 249.0 249.0
878.0 907.0 960.0 973.0 970.0 963.0 937.0 932.0 898.0 887.0 879.0 866.0 833.0 813.0 770.0 742.0 684.0 661.0 642.0 652.0 636.0 625.0 605.0 564.0 550.0 538.0 521.0 493.0 486.0 463.0 447.0 410.0 399.0 354.0 334.0 299.0 299.0 295.0 290.0 281.0 278.0 273.0 269.0 257.0 255.0 257.0 257.0 256.0 251.0 248.0 246.0 246.0 238.0 226.0 233.0 225.0 226.0 231.0 232.0 233.0 232.0 231.0 233.0 234.0 235.0 236.0 250.0 249.0 251.0 251.0 248.0 248.0 246.0 248.0 249.0 250.0
881.0 910.0 955.0 965.0 963.0 956.0 946.0 935.0 911.0 902.0 871.0 857.0 831.0 816.0 763.0 735.0 685.0 663.0 656.0 658.0 624.0 625.0 598.0 575.0 554.0 545.0 512.0 483.0 468.0 449.0 428.0 392.0 374.0 310.0 292.0 288.0 295.0 295.0 297.0 282.0 275.0 272.0 271.0 261.0 256.0 250.0 249.0 252.0 251.0 248.0 246.0 244.0 242.0 231.0 222.0 225.0 225.0 227.0 233.0 236.0 235.0 234.0 233.0 234.0 234.0 234.0 247.0 250.0 250.0 251.0 249.0 248.0 251.0 249.0 254.0 255.0
899.0 922.0 946.0 955.0 955.0 948.0 928.0 916.0 889.0 890.0 860.0 828.0 801.0 800.0 750.0 723.0 681.0 661.0 657.0 642.0 607.0 600.0 578.0 564.0 550.0 545.0 518.0 508.0 475.0 452.0 400.0 363.0 328.0 293.0 289.0 275.0 280.0 293.0 291.0 276.0 275.0 271.0 270.0 267.0 266.0 260.0 253.0 248.0 250.0 247.0 245.0 241.0 237.0 237.0 233.0 222.0 223.0 227.0 229.0 231.0 232.0 233.0 232.0 233.0 232.0 232.0 241.0 251.0 250.0 250.0 249.0 250.0 251.0 250.0 250.0 250.0
863.0 902.0 907.0 921.0 938.0 934.0 902.0 886.0 858.0 861.0 829.0 817.0 765.0 768.0 735.0 717.0 681.0 663.0 650.0 630.0 603.0 585.0 560.0 548.0 531.0 525.0 508.0 498.0 466.0 439.0 400.0 381.0 337.0 309.0 287.0 275.0 273.0 274.0 269.0 271.0 273.0 271.0 270.0 268.0 268.0 268.0 260.0 241.0 242.0 242.0 233.0 231.0 231.0 229.0 230.0 226.0 222.0 222.0 224.0 229.0 230.0 230.0 230.0 230.0 230.0 230.0 241.0 249.0 248.0 247.0 248.0 248.0 247.0 247.0 248.0 248.0
849.0 870.0 873.0 897.0 909.0 912.0 884.0 877.0 837.0 796.0 784.0 790.0 735.0 735.0 707.0 697.0 679.0 671.0 641.0 618.0 596.0 581.0 558.0 559.0 516.0 510.0 498.0 482.0 435.0 426.0 392.0 379.0 328.0 302.0 298.0 296.0 291.0 285.0 265.0 262.0 265.0 267.0 265.0 265.0 263.0 260.0 247.0 239.0 238.0 234.0 233.0 230.0 230.0 232.0 230.0 228.0 225.0 217.0 218.0 227.0 228.0 229.0 229.0 229.0 229.0 231.0 236.0 246.0 247.0 245.0 247.0 247.0 247.0 247.0 247.0 248.0
831.0 857.0 873.0 897.0 897.0 901.0 895.0 829.0 808.0 785.0 763.0 759.0 719.0 704.0 685.0 666.0 673.0 668.0 626.0 606.0 574.0 562.0 551.0 546.0 506.0 500.0 493.0 461.0 439.0 421.0 382.0 364.0 314.0 299.0 295.0 294.0 299.0 299.0 271.0 265.0 260.0 262.0 264.0 262.0 263.0 249.0 237.0 233.0 232.0 232.0 232.0 230.0 229.0 230.0 231.0 228.0 225.0 221.0 219.0 222.0 227.0 229.0 229.0 228.0 229.0 236.0 246.0 247.0 247.0 246.0 246.0 247.0 247.0 247.0 246.0 248.0
831.0 872.0 888.0 895.0 891.0 858.0 850.0 818.0 785.0 753.0 745.0 733.0 730.0 678.0 670.0 640.0 651.0 643.0 610.0 592.0 564.0 546.0 533.0 515.0 491.0 461.0 456.0 447.0 423.0 402.0 357.0 336.0 303.0 294.0 295.0 295.0 301.0 301.0 270.0 263.0 258.0 260.0 262.0 260.0 258.0 246.0 229.0 231.0 230.0 231.0 229.0 229.0 229.0 229.0 228.0 226.0 224.0 220.0 221.0 222.0 223.0 229.0 230.0 234.0 238.0 247.0 243.0 246.0 248.0 246.0 245.0 247.0 247.0 246.0 247.0 249.0
818.0 863.0 885.0 884.0 876.0 850.0 823.0 806.0 788.0 729.0 708.0 715.0 706.0 667.0 652.0 623.0 615.0 615.0 606.0 581.0 560.0 550.0 517.0 499.0 472.0 464.0 460.0 444.0 391.0 377.0 330.0 312.0 296.0 293.0 293.0 296.0 300.0 300.0 270.0 265.0 255.0 256.0 259.0 261.0 237.0 231.0 228.0 229.0 229.0 229.0 229.0 228.0 229.0 227.0 228.0 227.0 224.0 221.0 221.0 219.0 221.0 231.0 239.0 247.0 246.0 245.0 244.0 246.0 246.0 246.0 246.0 246.0 246.0 247.0 246.0 248.0
835.0 869.0 881.0 870.0 851.0 820.0 800.0 773.0 782.0 730.0 698.0 679.0 670.0 652.0 654.0 638.0 615.0 585.0 585.0 565.0 563.0 551.0 522.0 496.0 473.0 474.0 449.0 428.0 367.0 343.0 307.0 300.0 293.0 290.0 294.0 297.0 298.0 297.0 266.0 262.0 258.0 253.0 247.0 247.0 232.0 231.0 228.0 229.0 227.0 229.0 230.0 231.0 227.0 226.0 226.0 227.0 226.0 220.0 220.0 216.0 221.0 237.0 244.0 244.0 244.0 245.0 245.0 246.0 246.0 243.0 245.0 246.0 245.0 246.0 247.0 247.0
854.0 883.0 886.0 872.0 848.0 791.0 769.0 735.0 748.0 732.0 715.0 664.0 648.0 625.0 627.0 627.0 609.0 559.0 559.0 550.0 531.0 512.0 510.0 484.0 478.0 466.0 443.0 397.0 342.0 320.0 298.0 294.0 291.0 290.0 297.0 298.0 297.0 292.0 263.0 261.0 261.0 256.0 243.0 244.0 234.0 231.0 226.0 228.0 228.0 231.0 228.0 229.0 228.0 226.0 224.0 225.0 226.0 222.0 220.0 217.0 220.0 237.0 242.0 244.0 244.0 245.0 246.0 246.0 244.0 244.0 245.0 245.0 245.0 244.0 246.0 246.0
851.0 877.0 879.0 859.0 839.0 801.0 769.0 711.0 705.0 706.0 703.0 677.0 664.0 621.0 600.0 600.0 588.0 543.0 530.0 498.0 492.0 483.0 494.0 483.0 477.0 442.0 419.0 365.0 339.0 303.0 296.0 290.0 294.0 298.0 296.0 299.0 294.0 285.0 263.0 259.0 255.0 248.0 240.0 238.0 234.0 233.0 231.0 232.0 230.0 229.0 227.0 227.0 224.0 225.0 227.0 225.0 223.0 222.0 222.0 217.0 220.0 221.0 240.0 244.0 245.0 246.0 245.0 244.0 243.0 244.0 244.0 245.0 245.0 245.0 246.0 245.0
846.0 854.0 857.0 849.0 820.0 809.0 779.0 722.0 696.0 665.0 667.0 663.0 658.0 619.0 592.0 566.0 554.0 501.0 493.0 470.0 458.0 465.0 480.0 468.0 457.0 422.0 399.0 338.0 315.0 295.0 292.0 292.0 297.0 301.0 298.0 296.0 292.0 279.0 257.0 257.0 245.0 237.0 236.0 235.0 231.0 229.0 227.0 228.0 228.0 226.0 226.0 225.0 224.0 223.0 225.0 225.0 225.0 223.0 217.0 218.0 218.0 219.0 236.0 241.0 243.0 245.0 245.0 244.0 243.0 246.0 245.0 245.0 246.0 245.0 246.0 244.0
838.0 847.0 839.0 830.0 792.0 782.0 770.0 748.0 704.0 674.0 633.0 631.0 630.0 612.0 594.0 551.0 524.0 501.0 499.0 470.0 439.0 460.0 466.0 436.0 421.0 395.0 371.0 316.0 300.0 292.0 288.0 291.0 289.0 297.0 298.0 295.0 284.0 263.0 258.0 256.0 250.0 237.0 235.0 231.0 228.0 227.0 225.0 225.0 225.0 223.0 222.0 223.0 223.0 223.0 224.0 224.0 225.0 218.0 218.0 218.0 218.0 220.0 228.0 240.0 244.0 245.0 245.0 244.0 244.0 243.0 244.0 245.0 244.0 243.0 245.0 243.0
839.0 843.0 833.0 823.0 778.0 750.0 736.0 725.0 694.0 676.0 634.0 617.0 601.0 596.0 549.0 526.0 521.0 516.0 502.0 443.0 416.0 448.0 443.0 415.0 392.0 360.0 341.0 301.0 291.0 285.0 288.0 285.0 288.0 295.0 293.0 282.0 270.0 257.0 258.0 254.0 244.0 233.0 237.0 228.0 229.0 225.0 224.0 223.0 221.0 222.0 220.0 221.0 223.0 223.0 222.0 221.0 222.0 220.0 217.0 218.0 219.0 221.0 224.0 233.0 245.0 245.0 245.0 244.0 244.0 243.0 245.0 244.0 245.0 244.0 246.0 245.0
838.0 839.0 821.0 803.0 765.0 734.0 693.0 687.0 669.0 650.0 622.0 608.0 576.0 560.0 547.0 538.0 523.0 510.0 480.0 412.0 395.0 420.0 417.0 391.0 366.0 323.0 308.0 292.0 287.0 278.0 286.0 280.0 284.0 293.0 288.0 266.0 259.0 257.0 255.0 251.0 240.0 234.0 234.0 226.0 226.0 221.0 221.0 221.0 221.0 220.0 220.0 222.0 221.0 221.0 220.0 221.0 221.0 218.0 218.0 220.0 218.0 220.0 223.0 230.0 244.0 245.0 246.0 246.0 248.0 244.0 245.0 244.0 244.0 244.0 245.0 246.0
818.0 816.0 804.0 778.0 744.0 729.0 670.0 649.0 636.0 623.0 604.0 589.0 574.0 567.0 540.0 523.0 500.0 491.0 466.0 441.0 376.0 372.0 375.0 362.0 337.0 296.0 288.0 284.0 280.0 271.0 280.0 274.0 276.0 282.0 269.0 258.0 256.0 256.0 255.0 243.0 235.0 232.0 228.0 223.0 223.0 221.0 221.0 220.0 221.0 221.0 220.0 220.0 218.0 220.0 221.0 222.0 221.0 218.0 219.0 218.0 218.0 219.0 223.0 233.0 245.0 246.0 248.0 248.0 246.0 245.0 246.0 244.0 243.0 245.0 246.0 247.0
813.0 793.0 775.0 759.0 719.0 712.0 662.0 629.0 602.0 586.0 597.0 595.0 563.0 550.0 522.0 501.0 475.0 464.0 457.0 446.0 397.0 366.0 335.0 330.0 307.0 290.0 270.0 286.0 282.0 272.0 264.0 268.0 281.0 262.0 256.0 253.0 256.0 253.0 254.0 241.0 234.0 230.0 225.0 220.0 219.0 219.0 219.0 220.0 220.0 218.0 217.0 216.0 217.0 217.0 219.0 222.0 220.0 217.0 217.0 217.0 218.0 218.0 221.0 233.0 246.0 245.0 245.0 245.0 244.0 245.0 243.0 244.0 245.0 246.0 244.0 244.0
817.0 783.0 745.0 731.0 700.0 679.0 648.0 625.0 577.0 574.0 578.0 571.0 548.0 532.0 512.0 492.0 461.0 447.0 437.0 430.0 408.0 386.0 326.0 303.0 283.0 275.0 257.0 262.0 257.0 271.0 259.0 276.0 273.0 255.0 254.0 253.0 252.0 253.0 254.0 242.0 233.0 224.0 222.0 219.0 219.0 219.0 219.0 220.0 215.0 216.0 217.0 219.0 218.0 216.0 217.0 219.0 219.0 215.0 217.0 218.0 218.0 220.0 218.0 223.0 243.0 243.0 243.0 244.0 243.0 244.0 244.0 245.0 243.0 244.0 242.0 244.0
815.0 776.0 753.0 712.0 694.0 657.0 607.0 591.0 554.0 547.0 552.0 546.0 531.0 512.0 495.0 491.0 471.0 463.0 436.0 423.0 389.0 367.0 323.0 306.0 281.0 273.0 264.0 264.0 253.0 248.0 251.0 255.0 259.0 255.0 253.0 251.0 250.0 252.0 252.0 238.0 230.0 217.0 215.0 216.0 217.0 218.0 218.0 215.0 215.0 216.0 216.0 217.0 217.0 217.0 216.0 218.0 218.0 216.0 217.0 218.0 218.0 220.0 219.0 220.0 223.0 244.0 244.0 243.0 244.0 244.0 243.0 241.0 244.0 245.0 247.0 248.0
803.0 767.0 745.0 711.0 683.0 645.0 642.0 596.0 568.0 519.0 520.0 525.0 511.0 493.0 476.0 473.0 456.0 451.0 438.0 418.0 367.0 341.0 307.0 299.0 286.0 292.0 279.0 268.0 261.0 253.0 242.0 250.0 252.0 249.0 246.0 247.0 251.0 251.0 247.0 238.0 221.0 215.0 214.0 215.0 215.0 221.0 221.0 215.0 216.0 216.0 216.0 216.0 217.0 217.0 218.0 217.0 215.0 216.0 217.0 215.0 217.0 218.0 220.0 219.0 219.0 242.0 243.0 242.0 242.0 246.0 243.0 241.0 242.0 244.0 250.0 258.0
785.0 753.0 734.0 686.0 674.0 667.0 653.0 596.0 569.0 525.0 499.0 495.0 501.0 482.0 460.0 447.0 433.0 429.0 412.0 393.0 350.0 323.0 297.0 292.0 289.0 292.0 289.0 285.0 265.0 259.0 247.0 243.0 253.0 249.0 243.0 239.0 248.0 249.0 241.0 228.0 217.0 215.0 214.0 214.0 214.0 216.0 216.0 216.0 214.0 214.0 216.0 217.0 216.0 217.0 216.0 216.0 215.0 216.0 218.0 217.0 219.0 220.0 220.0 220.0 220.0 234.0 242.0 244.0 243.0 245.0 244.0 241.0 242.0 245.0 246.0 267.0
766.0 737.0 708.0 679.0 676.0 668.0 641.0 579.0 559.0 524.0 503.0 462.0 466.0 471.0 461.0 441.0 425.0 411.0 380.0 361.0 320.0 305.0 285.0 284.0 286.0 288.0 288.0 286.0 281.0 272.0 254.0 242.0 242.0 247.0 247.0 237.0 239.0 238.0 229.0 219.0 213.0 215.0 215.0 215.0 216.0 214.0 213.0 213.0 212.0 212.0 216.0 215.0 215.0 216.0 216.0 217.0 216.0 218.0 218.0 219.0 218.0 223.0 222.0 221.0 222.0 230.0 241.0 242.0 243.0 245.0 244.0 241.0 244.0 244.0 243.0 280.0
