DEM/wka.tin.asc
ncols 448
nrows 640
xllcorner 1275147.96844
yllcorner 5015027.08955
cellsize 100
NODATA_value -9999
[rows 0 to 33 of 640, columns 152 to 227 of 448]
443.0 409.0 394.0 368.0 354.0 298.0 287.0 285.0 287.0 287.0 290.0 289.0 289.0 291.0 292.0 294.0 290.0 281.0 285.0 278.0 279.0 281.0 281.0 283.0 281.0 281.0 279.0 280.0 281.0 282.0 281.0 282.0 281.0 281.0 282.0 282.0 282.0 277.0 281.0 282.0 280.0 284.0 284.0 282.0 283.0 279.0 279.0 282.0 279.0 277.0 279.0 283.0 283.0 281.0 278.0 278.0 280.0 289.0 314.0 397.0 408.0 468.0 482.0 531.0 574.0 633.0 675.0 733.0 776.0 851.0 878.0 938.0 963.0 1023.0 1069.0 1172.0
433.0 399.0 383.0 365.0 350.0 301.0 289.0 284.0 285.0 285.0 287.0 290.0 290.0 290.0 291.0 293.0 291.0 280.0 280.0 282.0 283.0 279.0 279.0 279.0 281.0 281.0 279.0 280.0 280.0 280.0 280.0 283.0 282.0 281.0 283.0 281.0 282.0 281.0 281.0 281.0 282.0 281.0 284.0 281.0 283.0 280.0 280.0 282.0 278.0 281.0 280.0 282.0 281.0 282.0 279.0 282.0 282.0 285.0 289.0 362.0 403.0 474.0 514.0 560.0 594.0 669.0 716.0 781.0 806.0 890.0 935.0 1009.0 1051.0 1093.0 1129.0 1234.0
431.0 421.0 387.0 388.0 392.0 327.0 296.0 287.0 284.0 283.0 285.0 289.0 289.0 289.0 289.0 293.0 292.0 282.0 282.0 282.0 282.0 280.0 279.0 278.0 280.0 280.0 278.0 281.0 282.0 281.0 282.0 281.0 280.0 281.0 284.0 281.0 281.0 282.0 280.0 279.0 280.0 280.0 280.0 279.0 280.0 282.0 280.0 280.0 280.0 282.0 282.0 278.0 279.0 280.0 278.0 280.0 280.0 281.0 286.0 349.0 394.0 463.0 504.0 567.0 594.0 674.0 722.0 809.0 847.0 920.0 967.0 1046.0 1085.0 1158.0 1180.0 1286.0
428.0 418.0 392.0 384.0 391.0 367.0 302.0 289.0 286.0 285.0 284.0 287.0 289.0 289.0 290.0 290.0 291.0 288.0 281.0 280.0 282.0 282.0 284.0 281.0 279.0 282.0 279.0 279.0 281.0 279.0 282.0 280.0 278.0 282.0 284.0 283.0 279.0 282.0 283.0 281.0 282.0 280.0 280.0 281.0 283.0 279.0 279.0 282.0 281.0 278.0 280.0 278.0 277.0 284.0 283.0 280.0 285.0 281.0 283.0 337.0 372.0 444.0 481.0 548.0 579.0 666.0 713.0 798.0 839.0 921.0 960.0 1025.0 1053.0 1132.0 1167.0 1249.0
426.0 410.0 389.0 376.0 368.0 346.0 300.0 285.0 281.0 281.0 285.0 286.0 287.0 289.0 290.0 290.0 289.0 289.0 280.0 282.0 281.0 278.0 284.0 280.0 282.0 281.0 282.0 282.0 281.0 280.0 282.0 281.0 281.0 282.0 279.0 278.0 281.0 282.0 281.0 279.0 282.0 282.0 280.0 279.0 282.0 282.0 279.0 278.0 280.0 276.0 279.0 281.0 279.0 277.0 280.0 280.0 279.0 286.0 290.0 324.0 358.0 431.0 465.0 531.0 569.0 659.0 702.0 773.0 817.0 890.0 919.0 985.0 1018.0 1111.0 1170.0 1219.0
420.0 408.0 388.0 375.0 340.0 317.0 290.0 279.0 280.0 282.0 282.0 285.0 287.0 288.0 289.0 292.0 289.0 289.0 283.0 283.0 280.0 280.0 276.0 279.0 282.0 280.0 281.0 278.0 282.0 281.0 281.0 283.0 282.0 280.0 280.0 281.0 279.0 280.0 280.0 280.0 281.0 280.0 282.0 281.0 282.0 284.0 280.0 279.0 281.0 282.0 282.0 277.0 276.0 278.0 281.0 280.0 279.0 279.0 287.0 292.0 347.0 380.0 455.0 489.0 558.0 598.0 672.0 708.0 790.0 823.0 897.0 936.0 1028.0 1146.0 1169.0 1183.0
407.0 397.0 379.0 374.0 324.0 304.0 285.0 282.0 280.0 281.0 283.0 281.0 283.0 284.0 287.0 288.0 288.0 283.0 283.0 284.0 282.0 281.0 281.0 279.0 280.0 279.0 283.0 277.0 280.0 280.0 282.0 280.0 281.0 280.0 282.0 282.0 283.0 282.0 283.0 279.0 279.0 279.0 281.0 281.0 283.0 279.0 279.0 278.0 280.0 280.0 280.0 280.0 278.0 276.0 283.0 281.0 284.0 281.0 278.0 292.0 355.0 388.0 458.0 488.0 555.0 591.0 665.0 705.0 792.0 830.0 876.0 900.0 1012.0 1081.0 1136.0 1140.0
397.0 387.0 358.0 351.0 309.0 296.0 280.0 279.0 279.0 279.0 281.0 283.0 281.0 284.0 282.0 284.0 283.0 280.0 280.0 280.0 280.0 281.0 282.0 280.0 281.0 281.0 283.0 279.0 280.0 280.0 279.0 279.0 278.0 279.0 279.0 283.0 279.0 279.0 281.0 278.0 282.0 279.0 279.0 281.0 281.0 281.0 279.0 278.0 281.0 283.0 284.0 286.0 277.0 277.0 281.0 285.0 279.0 280.0 279.0 287.0 356.0 393.0 461.0 494.0 562.0 598.0 671.0 712.0 787.0 796.0 849.0 881.0 988.0 1067.0 1101.0 1102.0
379.0 371.0 338.0 324.0 294.0 292.0 282.0 275.0 283.0 282.0 281.0 283.0 277.0 276.0 279.0 281.0 279.0 280.0 281.0 282.0 278.0 279.0 280.0 279.0 284.0 281.0 280.0 280.0 281.0 281.0 278.0 280.0 280.0 280.0 281.0 283.0 279.0 278.0 280.0 283.0 283.0 280.0 282.0 281.0 279.0 279.0 280.0 279.0 282.0 284.0 279.0 280.0 277.0 277.0 281.0 284.0 278.0 281.0 281.0 283.0 358.0 399.0 474.0 501.0 572.0 596.0 673.0 703.0 754.0 785.0 854.0 920.0 1064.0 1066.0 1066.0 1061.0
393.0 363.0 354.0 313.0 292.0 282.0 277.0 282.0 281.0 278.0 279.0 279.0 284.0 278.0 279.0 280.0 283.0 281.0 282.0 281.0 280.0 283.0 281.0 280.0 282.0 284.0 280.0 281.0 281.0 280.0 279.0 281.0 282.0 280.0 280.0 282.0 280.0 280.0 281.0 280.0 281.0 280.0 283.0 281.0 282.0 280.0 280.0 280.0 280.0 282.0 282.0 284.0 280.0 279.0 280.0 279.0 276.0 278.0 280.0 289.0 360.0 407.0 483.0 511.0 580.0 610.0 703.0 733.0 787.0 807.0 887.0 959.0 1040.0 1043.0 1030.0 1026.0
393.0 363.0 347.0 305.0 288.0 277.0 278.0 285.0 279.0 282.0 279.0 281.0 279.0 279.0 282.0 282.0 281.0 279.0 281.0 283.0 281.0 280.0 281.0 282.0 282.0 283.0 282.0 282.0 279.0 278.0 279.0 280.0 279.0 279.0 280.0 283.0 281.0 280.0 279.0 281.0 278.0 278.0 282.0 281.0 280.0 281.0 277.0 278.0 278.0 279.0 280.0 282.0 281.0 278.0 277.0 278.0 278.0 280.0 282.0 288.0 360.0 409.0 488.0 513.0 585.0 627.0 717.0 761.0 829.0 870.0 947.0 1001.0 1008.0 1002.0 991.0 987.0
388.0 364.0 342.0 294.0 285.0 276.0 278.0 280.0 281.0 279.0 280.0 283.0 280.0 282.0 282.0 282.0 281.0 280.0 281.0 281.0 281.0 280.0 282.0 280.0 279.0 283.0 283.0 281.0 281.0 277.0 280.0 280.0 282.0 278.0 281.0 282.0 281.0 281.0 280.0 281.0 281.0 280.0 278.0 280.0 281.0 280.0 280.0 279.0 276.0 279.0 280.0 281.0 282.0 280.0 280.0 280.0 277.0 279.0 279.0 288.0 358.0 407.0 483.0 516.0 592.0 635.0 720.0 771.0 846.0 886.0 966.0 977.0 965.0 955.0 949.0 944.0
374.0 360.0 332.0 282.0 279.0 280.0 280.0 282.0 281.0 279.0 282.0 282.0 284.0 282.0 279.0 283.0 282.0 281.0 282.0 281.0 279.0 281.0 280.0 283.0 282.0 280.0 281.0 280.0 281.0 280.0 283.0 281.0 283.0 280.0 280.0 283.0 282.0 279.0 280.0 281.0 280.0 280.0 279.0 282.0 283.0 280.0 278.0 278.0 277.0 280.0 278.0 282.0 279.0 280.0 281.0 279.0 282.0 278.0 276.0 281.0 316.0 398.0 437.0 511.0 550.0 635.0 684.0 772.0 813.0 887.0 938.0 933.0 917.0 911.0 906.0 899.0
359.0 325.0 311.0 285.0 283.0 283.0 279.0 279.0 282.0 279.0 281.0 277.0 281.0 283.0 280.0 283.0 284.0 281.0 279.0 280.0 280.0 280.0 281.0 282.0 282.0 279.0 281.0 280.0 281.0 281.0 282.0 284.0 282.0 280.0 282.0 281.0 279.0 281.0 281.0 280.0 280.0 280.0 281.0 281.0 281.0 280.0 282.0 280.0 281.0 282.0 282.0 281.0 278.0 277.0 275.0 284.0 283.0 283.0 284.0 291.0 325.0 393.0 429.0 505.0 545.0 636.0 678.0 768.0 808.0 867.0 885.0 884.0 879.0 869.0 866.0 856.0
321.0 304.0 296.0 287.0 284.0 285.0 283.0 278.0 280.0 280.0 284.0 284.0 283.0 282.0 282.0 283.0 281.0 284.0 281.0 281.0 283.0 283.0 281.0 282.0 283.0 278.0 280.0 281.0 281.0 281.0 281.0 282.0 280.0 282.0 282.0 279.0 281.0 280.0 279.0 278.0 279.0 281.0 279.0 281.0 282.0 280.0 282.0 281.0 281.0 281.0 278.0 282.0 280.0 278.0 280.0 281.0 281.0 282.0 278.0 291.0 316.0 389.0 424.0 497.0 536.0 633.0 671.0 755.0 788.0 834.0 850.0 839.0 837.0 831.0 828.0 818.0
328.0 315.0 299.0 289.0 288.0 285.0 286.0 280.0 283.0 283.0 284.0 286.0 282.0 282.0 283.0 279.0 280.0 281.0 283.0 280.0 281.0 281.0 280.0 282.0 283.0 282.0 282.0 278.0 281.0 282.0 281.0 281.0 280.0 283.0 281.0 281.0 277.0 280.0 279.0 277.0 278.0 279.0 280.0 280.0 280.0 278.0 280.0 279.0 277.0 281.0 281.0 278.0 280.0 281.0 281.0 279.0 281.0 280.0 277.0 288.0 314.0 374.0 409.0 487.0 522.0 624.0 660.0 721.0 746.0 788.0 805.0 798.0 798.0 799.0 802.0 804.0
328.0 312.0 299.0 289.0 288.0 288.0 286.0 283.0 284.0 283.0 285.0 282.0 286.0 283.0 280.0 283.0 281.0 282.0 280.0 280.0 279.0 282.0 280.0 279.0 281.0 280.0 280.0 278.0 281.0 281.0 281.0 283.0 283.0 283.0 284.0 279.0 280.0 280.0 281.0 281.0 280.0 280.0 282.0 279.0 279.0 281.0 279.0 280.0 281.0 279.0 279.0 278.0 278.0 279.0 281.0 281.0 280.0 277.0 278.0 280.0 300.0 367.0 400.0 476.0 507.0 603.0 634.0 681.0 700.0 730.0 743.0 758.0 754.0 766.0 772.0 791.0
317.0 307.0 296.0 295.0 291.0 290.0 288.0 285.0 285.0 283.0 281.0 281.0 283.0 280.0 285.0 281.0 281.0 281.0 281.0 280.0 278.0 280.0 281.0 281.0 281.0 281.0 280.0 279.0 281.0 280.0 278.0 281.0 280.0 281.0 280.0 278.0 281.0 279.0 280.0 282.0 281.0 279.0 281.0 280.0 279.0 279.0 283.0 279.0 280.0 279.0 280.0 279.0 280.0 285.0 285.0 281.0 282.0 278.0 279.0 280.0 289.0 351.0 382.0 458.0 489.0 569.0 598.0 643.0 654.0 649.0 663.0 692.0 701.0 730.0 759.0 810.0
310.0 306.0 303.0 301.0 296.0 294.0 291.0 288.0 283.0 282.0 281.0 283.0 279.0 280.0 283.0 281.0 280.0 279.0 279.0 282.0 282.0 281.0 280.0 282.0 282.0 281.0 282.0 280.0 280.0 282.0 280.0 280.0 282.0 282.0 281.0 281.0 281.0 281.0 279.0 281.0 282.0 279.0 280.0 281.0 279.0 280.0 280.0 280.0 280.0 278.0 282.0 280.0 279.0 282.0 282.0 280.0 282.0 283.0 284.0 285.0 287.0 334.0 364.0 440.0 472.0 540.0 569.0 614.0 615.0 599.0 610.0 655.0 679.0 748.0 783.0 850.0
321.0 315.0 310.0 307.0 299.0 297.0 292.0 289.0 281.0 281.0 286.0 286.0 282.0 282.0 282.0 282.0 281.0 283.0 279.0 280.0 283.0 283.0 278.0 280.0 280.0 279.0 280.0 277.0 281.0 281.0 280.0 280.0 281.0 281.0 278.0 282.0 281.0 281.0 282.0 282.0 282.0 281.0 281.0 281.0 282.0 281.0 282.0 281.0 278.0 277.0 280.0 276.0 277.0 278.0 284.0 281.0 280.0 280.0 279.0 279.0 286.0 294.0 348.0 384.0 454.0 503.0 530.0 574.0 565.0 551.0 577.0 616.0 686.0 734.0 808.0 878.0
323.0 321.0 315.0 308.0 299.0 297.0 292.0 291.0 279.0 279.0 282.0 282.0 281.0 282.0 281.0 281.0 280.0 280.0 281.0 282.0 282.0 282.0 279.0 280.0 280.0 280.0 280.0 278.0 282.0 280.0 281.0 282.0 283.0 284.0 281.0 283.0 282.0 283.0 281.0 279.0 279.0 281.0 282.0 281.0 282.0 280.0 279.0 278.0 280.0 279.0 281.0 281.0 280.0 280.0 283.0 281.0 279.0 284.0 280.0 280.0 287.0 291.0 339.0 370.0 431.0 455.0 486.0 502.0 530.0 549.0 600.0 632.0 703.0 760.0 848.0 885.0
324.0 321.0 317.0 310.0 297.0 295.0 290.0 287.0 282.0 283.0 282.0 284.0 285.0 284.0 279.0 277.0 280.0 280.0 282.0 280.0 282.0 281.0 281.0 280.0 282.0 282.0 281.0 282.0 281.0 282.0 280.0 280.0 283.0 283.0 280.0 281.0 284.0 281.0 280.0 279.0 280.0 280.0 280.0 284.0 279.0 279.0 279.0 281.0 280.0 282.0 279.0 280.0 282.0 280.0 279.0 279.0 278.0 281.0 279.0 282.0 284.0 290.0 334.0 364.0 418.0 436.0 465.0 512.0 552.0 576.0 642.0 659.0 717.0 765.0 873.0 924.0
323.0 321.0 315.0 307.0 294.0 290.0 287.0 284.0 284.0 283.0 283.0 283.0 284.0 279.0 285.0 282.0 278.0 281.0 283.0 283.0 280.0 281.0 281.0 281.0 281.0 281.0 283.0 283.0 282.0 282.0 281.0 283.0 283.0 279.0 279.0 280.0 281.0 280.0 281.0 280.0 280.0 281.0 281.0 281.0 280.0 279.0 279.0 281.0 281.0 280.0 280.0 282.0 279.0 278.0 280.0 277.0 280.0 280.0 279.0 276.0 284.0 292.0 331.0 353.0 400.0 451.0 525.0 548.0 591.0 606.0 665.0 698.0 763.0 812.0 914.0 974.0
324.0 320.0 314.0 303.0 293.0 290.0 290.0 285.0 284.0 279.0 280.0 281.0 281.0 279.0 282.0 279.0 279.0 280.0 280.0 283.0 280.0 280.0 281.0 280.0 281.0 280.0 282.0 280.0 283.0 279.0 282.0 281.0 280.0 278.0 280.0 280.0 281.0 281.0 280.0 280.0 280.0 277.0 280.0 280.0 281.0 281.0 277.0 279.0 278.0 279.0 281.0 278.0 279.0 281.0 280.0 281.0 277.0 279.0 282.0 279.0 281.0 288.0 336.0 363.0 456.0 491.0 569.0 595.0 633.0 645.0 687.0 721.0 810.0 868.0 969.0 997.0
322.0 320.0 315.0 303.0 296.0 290.0 288.0 286.0 286.0 280.0 281.0 283.0 282.0 280.0 280.0 280.0 281.0 282.0 282.0 280.0 282.0 281.0 282.0 280.0 278.0 278.0 279.0 279.0 282.0 283.0 280.0 279.0 280.0 282.0 281.0 280.0 281.0 279.0 280.0 280.0 279.0 280.0 279.0 280.0 280.0 279.0 281.0 281.0 280.0 281.0 281.0 281.0 279.0 280.0 280.0 279.0 277.0 279.0 282.0 279.0 287.0 291.0 372.0 410.0 473.0 509.0 592.0 625.0 669.0 687.0 718.0 745.0 833.0 894.0 995.0 1027.0
320.0 315.0 302.0 296.0 292.0 292.0 293.0 288.0 286.0 285.0 284.0 279.0 281.0 278.0 282.0 281.0 283.0 285.0 284.0 283.0 282.0 281.0 281.0 283.0 282.0 280.0 283.0 281.0 280.0 280.0 280.0 284.0 281.0 281.0 282.0 279.0 282.0 282.0 281.0 280.0 279.0 280.0 279.0 281.0 278.0 278.0 281.0 278.0 279.0 281.0 279.0 278.0 280.0 281.0 281.0 282.0 279.0 279.0 279.0 277.0 283.0 315.0 380.0 416.0 484.0 521.0 603.0 646.0 705.0 726.0 757.0 774.0 855.0 926.0 1025.0 1062.0
316.0 302.0 297.0 297.0 295.0 294.0 296.0 292.0 290.0 282.0 282.0 281.0 282.0 284.0 282.0 280.0 279.0 282.0 284.0 283.0 283.0 280.0 280.0 283.0 282.0 282.0 281.0 281.0 280.0 280.0 280.0 280.0 279.0 280.0 280.0 281.0 282.0 281.0 281.0 284.0 281.0 280.0 283.0 278.0 279.0 281.0 281.0 280.0 279.0 281.0 280.0 282.0 280.0 279.0 284.0 281.0 280.0 279.0 277.0 276.0 283.0 327.0 362.0 430.0 497.0 536.0 602.0 647.0 718.0 750.0 769.0 806.0 876.0 925.0 1024.0 1062.0
311.0 301.0 301.0 308.0 314.0 306.0 302.0 291.0 291.0 282.0 278.0 284.0 283.0 280.0 280.0 281.0 280.0 283.0 280.0 280.0 278.0 281.0 282.0 281.0 281.0 281.0 281.0 280.0 279.0 278.0 280.0 282.0 280.0 278.0 277.0 281.0 282.0 280.0 279.0 279.0 280.0 281.0 282.0 279.0 280.0 282.0 283.0 280.0 281.0 280.0 278.0 278.0 282.0 281.0 283.0 282.0 277.0 279.0 282.0 282.0 285.0 331.0 369.0 430.0 466.0 540.0 572.0 648.0 678.0 745.0 771.0 829.0 860.0 932.0 979.0 1051.0
308.0 303.0 308.0 316.0 317.0 317.0 313.0 290.0 289.0 282.0 278.0 287.0 282.0 279.0 280.0 282.0 281.0 280.0 282.0 280.0 279.0 287.0 283.0 278.0 281.0 283.0 280.0 280.0 280.0 280.0 278.0 280.0 278.0 277.0 281.0 280.0 279.0 279.0 279.0 277.0 277.0 281.0 282.0 279.0 280.0 280.0 281.0 277.0 279.0 278.0 276.0 278.0 279.0 277.0 279.0 284.0 283.0 284.0 281.0 285.0 285.0 340.0 372.0 432.0 466.0 539.0 572.0 642.0 678.0 739.0 768.0 838.0 871.0 942.0 982.0 1054.0
307.0 313.0 318.0 316.0 318.0 330.0 317.0 290.0 286.0 284.0 280.0 282.0 281.0 281.0 275.0 278.0 281.0 280.0 280.0 279.0 279.0 284.0 283.0 283.0 282.0 280.0 281.0 280.0 280.0 280.0 279.0 281.0 280.0 279.0 281.0 279.0 281.0 279.0 280.0 278.0 277.0 278.0 281.0 281.0 277.0 279.0 280.0 278.0 282.0 284.0 280.0 281.0 283.0 280.0 282.0 283.0 280.0 280.0 280.0 286.0 289.0 340.0 378.0 444.0 479.0 551.0 580.0 656.0 694.0 757.0 786.0 847.0 879.0 943.0 980.0 1090.0
310.0 314.0 318.0 317.0 320.0 328.0 323.0 305.0 284.0 281.0 281.0 284.0 282.0 281.0 282.0 277.0 279.0 277.0 280.0 279.0 279.0 283.0 279.0 282.0 278.0 279.0 281.0 280.0 282.0 278.0 278.0 281.0 280.0 281.0 281.0 280.0 278.0 279.0 279.0 281.0 282.0 281.0 280.0 281.0 281.0 282.0 283.0 278.0 280.0 281.0 280.0 281.0 281.0 280.0 278.0 283.0 279.0 284.0 279.0 286.0 287.0 346.0 382.0 445.0 476.0 544.0 581.0 666.0 713.0 769.0 808.0 865.0 896.0 937.0 978.0 1089.0
320.0 322.0 320.0 319.0 325.0 325.0 321.0 303.0 285.0 279.0 281.0 282.0 280.0 282.0 278.0 281.0 277.0 280.0 283.0 281.0 278.0 279.0 280.0 280.0 278.0 281.0 277.0 280.0 279.0 280.0 279.0 281.0 278.0 281.0 282.0 279.0 280.0 280.0 281.0 284.0 283.0 280.0 280.0 281.0 281.0 281.0 278.0 279.0 280.0 280.0 281.0 284.0 282.0 279.0 281.0 280.0 278.0 282.0 284.0 288.0 293.0 358.0 387.0 439.0 469.0 539.0 577.0 665.0 710.0 776.0 811.0 838.0 873.0 939.0 978.0 1090.0
321.0 321.0 320.0 320.0 333.0 329.0 321.0 312.0 283.0 279.0 277.0 280.0 283.0 285.0 277.0 280.0 277.0 280.0 281.0 280.0 282.0 280.0 280.0 281.0 279.0 281.0 279.0 277.0 281.0 280.0 277.0 278.0 277.0 279.0 280.0 279.0 282.0 283.0 281.0 281.0 278.0 278.0 282.0 281.0 279.0 281.0 283.0 281.0 281.0 281.0 281.0 280.0 282.0 279.0 282.0 278.0 276.0 280.0 283.0 287.0 299.0 370.0 403.0 451.0 484.0 543.0 582.0 659.0 691.0 747.0 768.0 839.0 870.0 935.0 976.0 1088.0
323.0 320.0 319.0 319.0 335.0 342.0 336.0 325.0 294.0 295.0 284.0 281.0 284.0 280.0 279.0 278.0 278.0 279.0 282.0 280.0 278.0 278.0 281.0 280.0 279.0 282.0 280.0 279.0 279.0 280.0 280.0 281.0 283.0 281.0 280.0 281.0 281.0 281.0 282.0 280.0 279.0 280.0 280.0 279.0 279.0 280.0 278.0 282.0 282.0 280.0 281.0 277.0 284.0 283.0 280.0 279.0 280.0 277.0 277.0 277.0 312.0 345.0 420.0 470.0 507.0 555.0 589.0 659.0 711.0 774.0 798.0 854.0 878.0 931.0 974.0 1087.0
