DEM/wka.tin.asc
ncols 448
nrows 640
xllcorner 1275147.96844
yllcorner 5015027.08955
cellsize 100
NODATA_value -9999
[rows 170 to 203 of 640, columns 76 to 151 of 448]
1483.0 1455.0 1399.0 1376.0 1337.0 1322.0 1279.0 1260.0 1209.0 1157.0 1132.0 1072.0 1044.0 1000.0 983.0 936.0 909.0 909.0 854.0 832.0 817.0 815.0 773.0 734.0 749.0 780.0 848.0 878.0 909.0 936.0 1007.0 1033.0 1094.0 1112.0 1024.0 1002.0 908.0 883.0 857.0 853.0 799.0 768.0 699.0 661.0 583.0 542.0 502.0 506.0 454.0 451.0 410.0 382.0 326.0 296.0 299.0 309.0 299.0 291.0 279.0 275.0 277.0 276.0 271.0 285.0 282.0 273.0 285.0 279.0 281.0 287.0 282.0 286.0 283.0 276.0 279.0 280.0
1514.0 1488.0 1437.0 1409.0 1371.0 1353.0 1303.0 1280.0 1233.0 1205.0 1152.0 1128.0 1083.0 1052.0 997.0 972.0 919.0 919.0 894.0 836.0 807.0 766.0 715.0 697.0 724.0 757.0 818.0 840.0 868.0 895.0 965.0 997.0 1018.0 1014.0 966.0 939.0 848.0 819.0 792.0 780.0 744.0 716.0 649.0 605.0 540.0 505.0 445.0 436.0 400.0 395.0 357.0 331.0 295.0 296.0 297.0 299.0 299.0 285.0 275.0 272.0 273.0 277.0 285.0 277.0 279.0 279.0 276.0 275.0 283.0 280.0 291.0 279.0 280.0 267.0 271.0 274.0
1548.0 1522.0 1471.0 1444.0 1407.0 1382.0 1331.0 1300.0 1253.0 1226.0 1173.0 1160.0 1097.0 1066.0 1011.0 984.0 928.0 928.0 901.0 837.0 804.0 751.0 725.0 678.0 675.0 732.0 758.0 790.0 801.0 861.0 899.0 900.0 934.0 951.0 902.0 876.0 798.0 770.0 743.0 721.0 695.0 674.0 607.0 562.0 502.0 467.0 407.0 392.0 356.0 340.0 307.0 301.0 297.0 295.0 296.0 297.0 277.0 278.0 282.0 275.0 273.0 273.0 272.0 279.0 288.0 276.0 269.0 273.0 269.0 271.0 279.0 275.0 284.0 278.0 283.0 282.0
1592.0 1568.0 1517.0 1490.0 1438.0 1416.0 1356.0 1327.0 1273.0 1249.0 1196.0 1169.0 1109.0 1078.0 1018.0 989.0 932.0 932.0 903.0 838.0 806.0 760.0 734.0 678.0 660.0 711.0 725.0 740.0 757.0 788.0 810.0 856.0 890.0 895.0 857.0 819.0 792.0 726.0 709.0 686.0 670.0 641.0 624.0 553.0 491.0 458.0 389.0 358.0 321.0 295.0 300.0 301.0 296.0 295.0 281.0 296.0 279.0 277.0 284.0 293.0 290.0 282.0 283.0 279.0 289.0 288.0 285.0 286.0 278.0 290.0 279.0 275.0 286.0 278.0 280.0 289.0
1626.0 1603.0 1556.0 1538.0 1467.0 1435.0 1368.0 1340.0 1289.0 1262.0 1210.0 1188.0 1129.0 1093.0 1026.0 1001.0 944.0 944.0 914.0 844.0 817.0 768.0 736.0 673.0 641.0 670.0 677.0 695.0 702.0 736.0 756.0 806.0 846.0 849.0 805.0 760.0 738.0 695.0 673.0 651.0 642.0 623.0 613.0 570.0 529.0 470.0 428.0 345.0 319.0 300.0 297.0 265.0 244.0 229.0 227.0 271.0 282.0 279.0 280.0 282.0 279.0 279.0 283.0 285.0 284.0 280.0 268.0 276.0 284.0 289.0 279.0 278.0 282.0 281.0 282.0 280.0
1656.0 1639.0 1597.0 1565.0 1494.0 1460.0 1416.0 1387.0 1314.0 1282.0 1231.0 1205.0 1138.0 1104.0 1038.0 1005.0 948.0 948.0 917.0 852.0 822.0 761.0 730.0 675.0 640.0 622.0 614.0 657.0 673.0 689.0 715.0 766.0 796.0 811.0 772.0 710.0 692.0 661.0 648.0 618.0 614.0 602.0 592.0 565.0 545.0 479.0 410.0 320.0 300.0 295.0 300.0 256.0 244.0 227.0 255.0 272.0 269.0 282.0 279.0 273.0 269.0 290.0 283.0 284.0 283.0 282.0 275.0 284.0 287.0 279.0 284.0 286.0 284.0 284.0 287.0 284.0
1696.0 1676.0 1624.0 1583.0 1522.0 1493.0 1423.0 1393.0 1331.0 1312.0 1258.0 1222.0 1149.0 1114.0 1038.0 1004.0 941.0 941.0 913.0 838.0 811.0 736.0 708.0 664.0 635.0 563.0 580.0 624.0 635.0 661.0 685.0 735.0 754.0 766.0 734.0 678.0 663.0 639.0 628.0 603.0 587.0 576.0 564.0 538.0 486.0 388.0 344.0 315.0 301.0 294.0 282.0 267.0 242.0 251.0 272.0 277.0 269.0 273.0 282.0 273.0 270.0 287.0 277.0 277.0 278.0 277.0 284.0 291.0 292.0 278.0 283.0 298.0 290.0 296.0 293.0 286.0
1764.0 1710.0 1678.0 1585.0 1543.0 1471.0 1437.0 1365.0 1326.0 1281.0 1271.0 1214.0 1149.0 1113.0 1036.0 997.0 932.0 932.0 906.0 825.0 798.0 728.0 696.0 630.0 601.0 543.0 542.0 593.0 604.0 652.0 682.0 717.0 735.0 712.0 688.0 650.0 643.0 624.0 611.0 594.0 584.0 550.0 541.0 479.0 459.0 369.0 307.0 303.0 304.0 300.0 272.0 250.0 229.0 269.0 275.0 285.0 277.0 269.0 270.0 288.0 277.0 276.0 287.0 280.0 284.0 275.0 287.0 279.0 293.0 294.0 271.0 275.0 289.0 288.0 271.0 278.0
1797.0 1711.0 1640.0 1559.0 1517.0 1437.0 1394.0 1323.0 1284.0 1219.0 1216.0 1169.0 1145.0 1082.0 1051.0 997.0 955.0 955.0 882.0 853.0 791.0 757.0 679.0 620.0 586.0 524.0 522.0 566.0 588.0 651.0 686.0 716.0 715.0 666.0 642.0 628.0 625.0 609.0 601.0 570.0 564.0 512.0 498.0 438.0 420.0 353.0 309.0 288.0 298.0 300.0 266.0 235.0 226.0 273.0 289.0 286.0 285.0 278.0 261.0 285.0 279.0 280.0 287.0 275.0 279.0 282.0 278.0 274.0 294.0 280.0 288.0 268.0 274.0 276.0 274.0 276.0
1715.0 1646.0 1610.0 1528.0 1481.0 1390.0 1349.0 1266.0 1226.0 1170.0 1145.0 1109.0 1083.0 1043.0 1008.0 965.0 936.0 936.0 869.0 832.0 745.0 715.0 671.0 644.0 572.0 531.0 505.0 524.0 585.0 615.0 666.0 679.0 677.0 655.0 618.0 616.0 611.0 612.0 602.0 563.0 534.0 480.0 466.0 419.0 386.0 323.0 280.0 290.0 288.0 278.0 250.0 226.0 236.0 271.0 282.0 287.0 289.0 272.0 274.0 277.0 284.0 276.0 276.0 276.0 286.0 278.0 282.0 276.0 279.0 278.0 288.0 280.0 276.0 279.0 281.0 284.0
1669.0 1630.0 1591.0 1502.0 1446.0 1353.0 1310.0 1222.0 1187.0 1123.0 1090.0 1049.0 1011.0 995.0 968.0 907.0 893.0 893.0 843.0 766.0 716.0 688.0 645.0 623.0 562.0 522.0 486.0 497.0 552.0 585.0 637.0 647.0 635.0 627.0 617.0 622.0 639.0 646.0 632.0 603.0 546.0 510.0 453.0 424.0 353.0 308.0 295.0 291.0 290.0 250.0 237.0 230.0 237.0 274.0 285.0 286.0 287.0 278.0 283.0 282.0 285.0 270.0 281.0 272.0 269.0 277.0 284.0 278.0 279.0 264.0 274.0 290.0 274.0 275.0 282.0 274.0
1613.0 1590.0 1574.0 1479.0 1422.0 1316.0 1280.0 1202.0 1168.0 1101.0 1062.0 999.0 967.0 927.0 899.0 848.0 770.0 770.0 738.0 715.0 676.0 652.0 609.0 592.0 546.0 528.0 482.0 488.0 551.0 584.0 633.0 634.0 632.0 637.0 658.0 675.0 685.0 662.0 617.0 597.0 526.0 487.0 432.0 393.0 330.0 304.0 300.0 295.0 292.0 283.0 226.0 227.0 273.0 273.0 295.0 289.0 288.0 271.0 272.0 277.0 286.0 279.0 272.0 279.0 286.0 271.0 283.0 277.0 281.0 285.0 283.0 289.0 279.0 272.0 272.0 279.0
1555.0 1532.0 1531.0 1445.0 1387.0 1287.0 1252.0 1186.0 1154.0 1087.0 1050.0 986.0 951.0 889.0 855.0 763.0 733.0 733.0 680.0 664.0 634.0 620.0 578.0 561.0 532.0 503.0 481.0 507.0 568.0 596.0 627.0 632.0 660.0 668.0 715.0 666.0 619.0 602.0 576.0 552.0 484.0 451.0 393.0 357.0 302.0 294.0 298.0 297.0 293.0 293.0 277.0 277.0 273.0 273.0 277.0 278.0 278.0 281.0 278.0 268.0 275.0 282.0 271.0 270.0 292.0 300.0 284.0 279.0 283.0 293.0 286.0 279.0 284.0 290.0 281.0 271.0
1495.0 1473.0 1466.0 1418.0 1371.0 1266.0 1232.0 1158.0 1126.0 1070.0 1038.0 976.0 938.0 836.0 806.0 746.0 708.0 708.0 651.0 626.0 597.0 583.0 547.0 530.0 499.0 473.0 505.0 540.0 595.0 616.0 641.0 654.0 667.0 691.0 625.0 585.0 540.0 526.0 510.0 490.0 432.0 399.0 334.0 313.0 291.0 294.0 295.0 295.0 295.0 289.0 277.0 277.0 276.0 279.0 279.0 279.0 289.0 305.0 287.0 287.0 281.0 272.0 276.0 268.0 281.0 286.0 289.0 284.0 281.0 276.0 272.0 274.0 280.0 282.0 285.0 277.0
1426.0 1411.0 1400.0 1404.0 1345.0 1292.0 1215.0 1180.0 1102.0 1074.0 1018.0 986.0 875.0 831.0 768.0 713.0 682.0 682.0 624.0 606.0 562.0 541.0 519.0 492.0 463.0 477.0 566.0 595.0 626.0 640.0 663.0 672.0 657.0 639.0 574.0 539.0 490.0 471.0 444.0 425.0 366.0 332.0 301.0 294.0 293.0 291.0 294.0 294.0 295.0 283.0 278.0 279.0 277.0 285.0 289.0 282.0 283.0 289.0 291.0 286.0 287.0 273.0 283.0 281.0 281.0 282.0 284.0 288.0 277.0 276.0 284.0 288.0 289.0 294.0 282.0 276.0
1363.0 1342.0 1329.0 1333.0 1284.0 1265.0 1208.0 1167.0 1092.0 1059.0 952.0 916.0 850.0 814.0 751.0 721.0 659.0 659.0 626.0 580.0 561.0 509.0 490.0 451.0 455.0 532.0 598.0 619.0 639.0 645.0 650.0 654.0 636.0 609.0 552.0 523.0 465.0 433.0 388.0 364.0 309.0 303.0 299.0 296.0 293.0 291.0 292.0 294.0 301.0 287.0 280.0 279.0 287.0 283.0 284.0 281.0 271.0 277.0 282.0 271.0 278.0 270.0 284.0 281.0 276.0 275.0 293.0 284.0 280.0 285.0 286.0 292.0 286.0 285.0 283.0 287.0
1307.0 1274.0 1264.0 1274.0 1229.0 1212.0 1158.0 1143.0 1089.0 1013.0 919.0 881.0 828.0 798.0 738.0 709.0 651.0 651.0 621.0 564.0 540.0 479.0 459.0 428.0 443.0 536.0 570.0 617.0 630.0 622.0 636.0 648.0 637.0 579.0 556.0 515.0 459.0 423.0 353.0 321.0 292.0 299.0 294.0 295.0 294.0 292.0 291.0 292.0 301.0 301.0 287.0 282.0 281.0 286.0 296.0 304.0 275.0 279.0 272.0 267.0 279.0 279.0 273.0 276.0 281.0 281.0 287.0 290.0 287.0 286.0 285.0 286.0 282.0 278.0 280.0 285.0
1256.0 1222.0 1205.0 1206.0 1184.0 1145.0 1097.0 1090.0 984.0 965.0 881.0 843.0 802.0 776.0 722.0 693.0 636.0 636.0 603.0 549.0 530.0 491.0 480.0 432.0 420.0 490.0 546.0 595.0 561.0 585.0 603.0 620.0 590.0 531.0 510.0 471.0 450.0 390.0 364.0 294.0 291.0 292.0 295.0 294.0 294.0 294.0 291.0 291.0 301.0 301.0 301.0 287.0 277.0 288.0 283.0 295.0 280.0 275.0 281.0 269.0 283.0 285.0 272.0 276.0 279.0 277.0 281.0 279.0 280.0 279.0 282.0 300.0 285.0 279.0 280.0 277.0
1208.0 1170.0 1155.0 1146.0 1126.0 1093.0 978.0 958.0 923.0 908.0 848.0 818.0 785.0 771.0 728.0 701.0 628.0 628.0 595.0 568.0 554.0 524.0 498.0 448.0 424.0 435.0 434.0 520.0 543.0 558.0 571.0 579.0 541.0 485.0 464.0 412.0 387.0 337.0 317.0 285.0 289.0 291.0 292.0 294.0 294.0 294.0 294.0 296.0 301.0 301.0 301.0 301.0 280.0 284.0 279.0 288.0 274.0 274.0 280.0 276.0 277.0 278.0 275.0 289.0 279.0 275.0 290.0 281.0 276.0 282.0 281.0 293.0 280.0 274.0 284.0 279.0
1159.0 1129.0 1097.0 1078.0 1066.0 989.0 957.0 947.0 912.0 893.0 857.0 840.0 830.0 820.0 772.0 736.0 667.0 667.0 637.0 609.0 588.0 538.0 512.0 466.0 447.0 401.0 416.0 514.0 531.0 534.0 540.0 536.0 509.0 462.0 433.0 377.0 352.0 304.0 293.0 289.0 285.0 291.0 291.0 293.0 293.0 294.0 294.0 299.0 301.0 301.0 301.0 292.0 282.0 267.0 274.0 293.0 289.0 286.0 285.0 278.0 273.0 283.0 286.0 285.0 283.0 269.0 275.0 276.0 271.0 271.0 272.0 296.0 267.0 276.0 284.0 281.0
1126.0 1083.0 1068.0 1022.0 1011.0 993.0 982.0 972.0 933.0 913.0 902.0 895.0 879.0 863.0 805.0 765.0 700.0 700.0 671.0 625.0 599.0 545.0 523.0 479.0 454.0 394.0 394.0 467.0 493.0 496.0 498.0 482.0 474.0 437.0 409.0 352.0 326.0 295.0 296.0 291.0 286.0 288.0 288.0 291.0 292.0 294.0 294.0 301.0 301.0 301.0 301.0 286.0 277.0 284.0 285.0 291.0 287.0 279.0 282.0 275.0 278.0 283.0 279.0 282.0 282.0 273.0 277.0 281.0 294.0 270.0 271.0 291.0 292.0 285.0 286.0 278.0
1091.0 1056.0 1080.0 1062.0 1049.0 1027.0 1020.0 999.0 990.0 955.0 950.0 951.0 932.0 876.0 846.0 783.0 753.0 716.0 679.0 628.0 604.0 554.0 540.0 485.0 458.0 399.0 377.0 423.0 441.0 443.0 450.0 436.0 431.0 390.0 368.0 324.0 304.0 295.0 295.0 293.0 288.0 285.0 285.0 291.0 291.0 293.0 294.0 301.0 301.0 301.0 299.0 279.0 280.0 297.0 329.0 286.0 282.0 286.0 276.0 274.0 278.0 277.0 277.0 304.0 302.0 290.0 286.0 280.0 286.0 280.0 281.0 273.0 285.0 291.0 290.0 289.0
1094.0 1116.0 1112.0 1095.0 1084.0 1067.0 1061.0 1043.0 1044.0 1010.0 1011.0 972.0 941.0 878.0 856.0 803.0 764.0 764.0 685.0 654.0 620.0 596.0 542.0 515.0 464.0 437.0 368.0 381.0 388.0 411.0 421.0 397.0 382.0 336.0 317.0 298.0 287.0 290.0 293.0 295.0 294.0 287.0 285.0 288.0 291.0 291.0 292.0 298.0 301.0 300.0 289.0 281.0 282.0 301.0 309.0 282.0 273.0 288.0 284.0 282.0 289.0 300.0 300.0 302.0 304.0 288.0 283.0 299.0 299.0 303.0 292.0 279.0 280.0 299.0 298.0 277.0
1175.0 1158.0 1156.0 1137.0 1129.0 1106.0 1096.0 1081.0 1083.0 1059.0 1047.0 988.0 958.0 898.0 883.0 819.0 777.0 777.0 695.0 673.0 623.0 599.0 544.0 517.0 469.0 443.0 387.0 357.0 353.0 369.0 390.0 373.0 335.0 314.0 293.0 303.0 291.0 289.0 288.0 292.0 295.0 293.0 287.0 285.0 286.0 292.0 291.0 296.0 297.0 293.0 281.0 282.0 284.0 299.0 297.0 287.0 280.0 269.0 286.0 284.0 301.0 301.0 300.0 296.0 312.0 332.0 331.0 329.0 335.0 310.0 293.0 285.0 281.0 284.0 282.0 267.0
1240.0 1198.0 1189.0 1186.0 1170.0 1135.0 1126.0 1122.0 1122.0 1094.0 1074.0 1021.0 994.0 936.0 906.0 821.0 794.0 794.0 723.0 693.0 639.0 613.0 555.0 526.0 477.0 458.0 408.0 385.0 337.0 353.0 363.0 345.0 301.0 290.0 296.0 293.0 291.0 288.0 287.0 288.0 292.0 295.0 293.0 287.0 282.0 281.0 292.0 291.0 296.0 296.0 290.0 282.0 285.0 292.0 287.0 285.0 282.0 282.0 281.0 298.0 297.0 319.0 333.0 369.0 372.0 367.0 358.0 356.0 366.0 315.0 297.0 285.0 280.0 272.0 270.0 285.0
1286.0 1244.0 1237.0 1231.0 1214.0 1182.0 1171.0 1168.0 1154.0 1124.0 1100.0 1053.0 1025.0 957.0 922.0 845.0 810.0 810.0 746.0 715.0 652.0 621.0 567.0 540.0 483.0 459.0 416.0 400.0 336.0 328.0 337.0 326.0 292.0 280.0 289.0 286.0 293.0 289.0 287.0 287.0 290.0 292.0 293.0 292.0 285.0 281.0 286.0 292.0 292.0 296.0 296.0 296.0 296.0 296.0 284.0 283.0 282.0 282.0 281.0 298.0 326.0 362.0 377.0 393.0 390.0 367.0 360.0 352.0 356.0 313.0 291.0 271.0 270.0 280.0 277.0 279.0
1333.0 1310.0 1293.0 1275.0 1265.0 1239.0 1225.0 1210.0 1193.0 1144.0 1117.0 1071.0 1037.0 966.0 926.0 855.0 817.0 817.0 752.0 722.0 662.0 627.0 573.0 550.0 500.0 475.0 429.0 414.0 363.0 330.0 314.0 311.0 295.0 288.0 289.0 288.0 290.0 293.0 287.0 287.0 288.0 292.0 293.0 292.0 290.0 284.0 281.0 286.0 291.0 292.0 296.0 296.0 296.0 288.0 282.0 282.0 298.0 313.0 409.0 377.0 383.0 396.0 417.0 413.0 394.0 375.0 349.0 338.0 318.0 301.0 291.0 279.0 290.0 282.0 290.0 275.0
1392.0 1386.0 1335.0 1327.0 1303.0 1290.0 1269.0 1261.0 1217.0 1163.0 1133.0 1078.0 1059.0 976.0 936.0 864.0 821.0 821.0 748.0 723.0 663.0 624.0 574.0 553.0 503.0 479.0 434.0 416.0 378.0 349.0 317.0 308.0 292.0 288.0 291.0 292.0 291.0 291.0 289.0 287.0 287.0 294.0 293.0 293.0 291.0 288.0 281.0 281.0 292.0 291.0 296.0 296.0 288.0 277.0 282.0 329.0 366.0 355.0 386.0 409.0 426.0 441.0 447.0 443.0 403.0 375.0 329.0 314.0 293.0 294.0 287.0 285.0 289.0 282.0 283.0 285.0
1435.0 1427.0 1384.0 1370.0 1342.0 1331.0 1309.0 1290.0 1235.0 1209.0 1141.0 1113.0 1063.0 1022.0 942.0 905.0 816.0 816.0 748.0 720.0 658.0 624.0 568.0 545.0 501.0 471.0 428.0 411.0 367.0 344.0 317.0 301.0 286.0 296.0 297.0 294.0 293.0 293.0 293.0 289.0 291.0 294.0 294.0 293.0 291.0 289.0 283.0 281.0 286.0 292.0 289.0 289.0 277.0 277.0 411.0 389.0 376.0 370.0 371.0 407.0 467.0 474.0 446.0 441.0 401.0 366.0 309.0 293.0 294.0 271.0 284.0 286.0 279.0 280.0 276.0 276.0
1472.0 1476.0 1426.0 1413.0 1378.0 1359.0 1321.0 1289.0 1230.0 1169.0 1107.0 1078.0 1029.0 1004.0 932.0 894.0 814.0 814.0 777.0 719.0 688.0 623.0 594.0 543.0 518.0 469.0 454.0 397.0 358.0 332.0 303.0 287.0 287.0 290.0 295.0 297.0 295.0 294.0 293.0 293.0 294.0 294.0 294.0 294.0 292.0 289.0 285.0 283.0 282.0 281.0 298.0 286.0 277.0 277.0 350.0 411.0 380.0 376.0 406.0 422.0 467.0 472.0 432.0 430.0 401.0 359.0 297.0 294.0 290.0 274.0 283.0 286.0 278.0 281.0 280.0 282.0
1500.0 1504.0 1454.0 1424.0 1368.0 1345.0 1288.0 1210.0 1155.0 1131.0 1076.0 1041.0 981.0 969.0 930.0 894.0 807.0 807.0 769.0 714.0 683.0 619.0 590.0 549.0 528.0 475.0 452.0 395.0 370.0 319.0 305.0 287.0 278.0 287.0 291.0 296.0 297.0 296.0 295.0 286.0 294.0 294.0 294.0 294.0 292.0 290.0 285.0 286.0 284.0 284.0 294.0 289.0 277.0 282.0 316.0 370.0 400.0 386.0 438.0 448.0 453.0 454.0 425.0 414.0 395.0 351.0 290.0 293.0 281.0 273.0 279.0 285.0 281.0 283.0 278.0 280.0
1517.0 1492.0 1426.0 1392.0 1329.0 1299.0 1193.0 1163.0 1105.0 1080.0 1041.0 1011.0 949.0 936.0 904.0 871.0 799.0 799.0 760.0 703.0 672.0 614.0 586.0 551.0 531.0 486.0 442.0 381.0 354.0 314.0 306.0 287.0 284.0 282.0 287.0 296.0 296.0 296.0 296.0 273.0 273.0 294.0 294.0 294.0 295.0 294.0 286.0 293.0 280.0 293.0 273.0 268.0 281.0 284.0 310.0 349.0 411.0 433.0 456.0 456.0 439.0 436.0 396.0 398.0 324.0 311.0 290.0 290.0 274.0 271.0 274.0 279.0 282.0 282.0 286.0 288.0
1508.0 1465.0 1400.0 1364.0 1269.0 1231.0 1159.0 1129.0 1063.0 1040.0 1004.0 980.0 924.0 907.0 869.0 840.0 777.0 777.0 746.0 684.0 652.0 603.0 581.0 545.0 508.0 449.0 420.0 368.0 343.0 317.0 309.0 289.0 289.0 278.0 282.0 291.0 296.0 297.0 296.0 273.0 273.0 283.0 294.0 295.0 295.0 303.0 281.0 271.0 281.0 275.0 274.0 280.0 284.0 283.0 293.0 330.0 418.0 453.0 456.0 447.0 405.0 393.0 349.0 302.0 295.0 293.0 285.0 285.0 279.0 274.0 283.0 283.0 283.0 277.0 276.0 278.0
1538.0 1465.0 1384.0 1329.0 1249.0 1218.0 1160.0 1127.0 1057.0 1026.0 972.0 946.0 896.0 875.0 837.0 813.0 750.0 750.0 723.0 665.0 632.0 592.0 573.0 507.0 481.0 420.0 395.0 352.0 337.0 321.0 312.0 291.0 290.0 281.0 280.0 287.0 291.0 296.0 297.0 273.0 273.0 273.0 273.0 294.0 294.0 287.0 269.0 276.0 302.0 263.0 262.0 282.0 289.0 283.0 298.0 356.0 439.0 458.0 455.0 416.0 395.0 322.0 308.0 292.0 292.0 281.0 283.0 283.0 284.0 287.0 282.0 284.0 274.0 279.0 278.0 281.0
