DEM/wka.tin.asc
ncols 448
nrows 640
xllcorner 1275147.96844
yllcorner 5015027.08955
cellsize 100
NODATA_value -9999
[rows 238 to 271 of 640, columns 76 to 151 of 448]
680.0 680.0 686.0 693.0 700.0 701.0 715.0 724.0 747.0 746.0 728.0 737.0 731.0 689.0 679.0 665.0 666.0 666.0 641.0 618.0 576.0 558.0 527.0 513.0 479.0 462.0 414.0 393.0 357.0 346.0 323.0 323.0 329.0 347.0 398.0 423.0 456.0 452.0 463.0 458.0 402.0 372.0 293.0 285.0 282.0 282.0 295.0 291.0 288.0 288.0 288.0 288.0 288.0 288.0 288.0 291.0 295.0 295.0 295.0 295.0 296.0 296.0 297.0 297.0 311.0 351.0 469.0 489.0 537.0 574.0 631.0 658.0 716.0 762.0 788.0 837.0
723.0 726.0 737.0 745.0 744.0 741.0 748.0 784.0 801.0 794.0 760.0 747.0 719.0 695.0 653.0 642.0 640.0 640.0 635.0 600.0 561.0 548.0 521.0 505.0 463.0 448.0 411.0 384.0 354.0 347.0 330.0 326.0 348.0 373.0 422.0 453.0 459.0 451.0 452.0 450.0 391.0 357.0 294.0 290.0 283.0 293.0 294.0 291.0 288.0 288.0 288.0 288.0 288.0 288.0 288.0 291.0 294.0 294.0 294.0 294.0 294.0 294.0 294.0 294.0 326.0 380.0 456.0 470.0 511.0 545.0 604.0 640.0 693.0 718.0 793.0 826.0
770.0 778.0 795.0 805.0 792.0 834.0 825.0 820.0 839.0 840.0 811.0 787.0 752.0 734.0 683.0 655.0 614.0 614.0 620.0 596.0 577.0 538.0 526.0 486.0 469.0 416.0 397.0 374.0 362.0 347.0 333.0 332.0 372.0 395.0 428.0 460.0 462.0 448.0 435.0 425.0 378.0 345.0 289.0 289.0 309.0 309.0 296.0 288.0 288.0 288.0 288.0 288.0 288.0 288.0 288.0 290.0 293.0 293.0 293.0 293.0 293.0 293.0 293.0 292.0 300.0 364.0 446.0 453.0 488.0 512.0 571.0 605.0 649.0 667.0 737.0 770.0
821.0 836.0 852.0 848.0 871.0 872.0 866.0 865.0 877.0 874.0 856.0 833.0 786.0 758.0 714.0 680.0 610.0 610.0 605.0 592.0 570.0 530.0 509.0 469.0 453.0 422.0 407.0 378.0 370.0 348.0 341.0 352.0 364.0 392.0 412.0 457.0 468.0 443.0 423.0 408.0 370.0 339.0 285.0 291.0 310.0 310.0 288.0 288.0 288.0 288.0 288.0 288.0 288.0 288.0 288.0 288.0 293.0 293.0 293.0 293.0 293.0 293.0 295.0 295.0 298.0 328.0 430.0 441.0 453.0 471.0 516.0 545.0 590.0 607.0 682.0 724.0
876.0 904.0 921.0 906.0 899.0 898.0 902.0 903.0 907.0 896.0 871.0 855.0 795.0 769.0 717.0 692.0 617.0 617.0 594.0 575.0 557.0 523.0 497.0 447.0 446.0 420.0 404.0 378.0 372.0 352.0 346.0 365.0 370.0 396.0 423.0 456.0 455.0 433.0 423.0 398.0 383.0 344.0 314.0 292.0 291.0 311.0 313.0 288.0 288.0 288.0 288.0 288.0 288.0 288.0 285.0 283.0 293.0 293.0 293.0 293.0 293.0 294.0 292.0 291.0 288.0 303.0 352.0 384.0 404.0 417.0 453.0 475.0 530.0 550.0 628.0 671.0
953.0 992.0 965.0 949.0 929.0 926.0 935.0 937.0 922.0 907.0 866.0 846.0 788.0 763.0 711.0 687.0 618.0 618.0 594.0 561.0 543.0 495.0 480.0 440.0 442.0 424.0 405.0 374.0 366.0 359.0 366.0 373.0 380.0 409.0 428.0 446.0 439.0 415.0 408.0 387.0 351.0 325.0 300.0 291.0 291.0 313.0 313.0 300.0 288.0 288.0 288.0 288.0 288.0 288.0 285.0 283.0 288.0 293.0 293.0 293.0 294.0 295.0 289.0 289.0 294.0 304.0 313.0 333.0 365.0 345.0 389.0 405.0 464.0 495.0 580.0 620.0
1007.0 1009.0 1000.0 988.0 965.0 954.0 940.0 933.0 912.0 895.0 848.0 829.0 782.0 758.0 703.0 675.0 607.0 607.0 584.0 546.0 531.0 501.0 480.0 438.0 432.0 421.0 402.0 370.0 356.0 373.0 380.0 380.0 389.0 405.0 416.0 412.0 406.0 393.0 387.0 337.0 322.0 296.0 293.0 290.0 290.0 313.0 313.0 313.0 300.0 288.0 288.0 288.0 288.0 285.0 283.0 283.0 283.0 288.0 289.0 294.0 294.0 290.0 288.0 288.0 290.0 304.0 316.0 339.0 337.0 303.0 332.0 356.0 423.0 457.0 528.0 575.0
980.0 987.0 983.0 989.0 979.0 957.0 938.0 903.0 889.0 865.0 847.0 809.0 785.0 741.0 686.0 655.0 597.0 597.0 564.0 530.0 515.0 496.0 480.0 434.0 423.0 415.0 396.0 365.0 353.0 383.0 386.0 381.0 391.0 385.0 387.0 377.0 375.0 337.0 325.0 306.0 295.0 287.0 291.0 291.0 290.0 313.0 313.0 313.0 313.0 288.0 288.0 288.0 288.0 283.0 283.0 283.0 283.0 283.0 283.0 294.0 295.0 288.0 288.0 288.0 295.0 305.0 308.0 338.0 328.0 302.0 296.0 336.0 368.0 436.0 498.0 525.0
923.0 937.0 941.0 962.0 958.0 928.0 910.0 876.0 861.0 822.0 809.0 780.0 761.0 712.0 684.0 627.0 598.0 598.0 553.0 531.0 495.0 489.0 466.0 431.0 409.0 405.0 394.0 354.0 349.0 378.0 375.0 365.0 370.0 360.0 357.0 352.0 322.0 305.0 296.0 286.0 285.0 288.0 287.0 293.0 291.0 303.0 313.0 313.0 313.0 300.0 288.0 288.0 286.0 283.0 283.0 283.0 283.0 283.0 282.0 295.0 290.0 288.0 288.0 294.0 304.0 305.0 310.0 318.0 302.0 292.0 289.0 322.0 353.0 424.0 463.0 521.0
875.0 888.0 904.0 914.0 918.0 898.0 883.0 852.0 840.0 787.0 772.0 747.0 733.0 691.0 650.0 606.0 579.0 579.0 535.0 512.0 478.0 466.0 451.0 440.0 406.0 391.0 374.0 364.0 346.0 359.0 353.0 340.0 345.0 337.0 304.0 294.0 297.0 291.0 295.0 287.0 285.0 287.0 287.0 290.0 293.0 290.0 304.0 313.0 313.0 313.0 300.0 286.0 284.0 284.0 283.0 283.0 283.0 282.0 280.0 283.0 288.0 288.0 288.0 304.0 304.0 306.0 311.0 302.0 302.0 283.0 280.0 298.0 324.0 411.0 444.0 509.0
819.0 835.0 855.0 871.0 869.0 866.0 855.0 824.0 811.0 770.0 751.0 718.0 688.0 644.0 624.0 577.0 555.0 555.0 514.0 499.0 464.0 447.0 433.0 422.0 395.0 375.0 367.0 360.0 340.0 339.0 329.0 324.0 319.0 301.0 291.0 288.0 293.0 293.0 293.0 289.0 285.0 285.0 286.0 287.0 290.0 291.0 290.0 306.0 301.0 297.0 292.0 285.0 285.0 284.0 283.0 283.0 283.0 281.0 281.0 272.0 278.0 288.0 293.0 304.0 304.0 306.0 306.0 302.0 289.0 280.0 284.0 289.0 308.0 392.0 423.0 485.0
772.0 785.0 807.0 840.0 831.0 810.0 805.0 794.0 782.0 757.0 738.0 687.0 668.0 618.0 596.0 549.0 530.0 530.0 489.0 477.0 443.0 432.0 404.0 396.0 375.0 372.0 359.0 348.0 333.0 328.0 320.0 291.0 288.0 284.0 295.0 290.0 289.0 291.0 293.0 294.0 288.0 285.0 285.0 286.0 287.0 290.0 291.0 287.0 286.0 286.0 286.0 286.0 286.0 284.0 283.0 283.0 282.0 281.0 286.0 273.0 272.0 271.0 278.0 286.0 285.0 289.0 302.0 290.0 284.0 286.0 286.0 293.0 314.0 382.0 413.0 498.0
740.0 751.0 757.0 799.0 794.0 763.0 763.0 761.0 752.0 729.0 676.0 654.0 635.0 588.0 567.0 523.0 504.0 504.0 460.0 444.0 418.0 404.0 379.0 367.0 357.0 349.0 331.0 321.0 309.0 305.0 294.0 295.0 287.0 286.0 292.0 295.0 288.0 289.0 293.0 294.0 295.0 288.0 285.0 285.0 287.0 287.0 281.0 280.0 285.0 285.0 286.0 286.0 287.0 286.0 283.0 283.0 281.0 286.0 290.0 281.0 273.0 272.0 271.0 268.0 267.0 265.0 273.0 285.0 286.0 286.0 288.0 283.0 306.0 372.0 405.0 531.0
694.0 701.0 709.0 721.0 740.0 730.0 726.0 718.0 675.0 651.0 636.0 611.0 593.0 554.0 528.0 490.0 473.0 473.0 431.0 415.0 386.0 375.0 360.0 352.0 329.0 320.0 301.0 292.0 288.0 288.0 292.0 294.0 289.0 287.0 292.0 293.0 290.0 288.0 287.0 287.0 286.0 283.0 281.0 282.0 278.0 278.0 278.0 278.0 281.0 285.0 286.0 287.0 288.0 286.0 283.0 281.0 281.0 286.0 290.0 290.0 279.0 273.0 272.0 270.0 267.0 266.0 265.0 286.0 286.0 292.0 295.0 285.0 293.0 368.0 419.0 546.0
649.0 652.0 671.0 675.0 690.0 689.0 690.0 640.0 632.0 618.0 595.0 577.0 548.0 530.0 488.0 452.0 436.0 436.0 402.0 388.0 364.0 355.0 336.0 328.0 306.0 295.0 287.0 285.0 287.0 288.0 291.0 293.0 295.0 290.0 291.0 293.0 295.0 282.0 281.0 280.0 280.0 281.0 282.0 282.0 278.0 278.0 278.0 278.0 280.0 282.0 285.0 286.0 288.0 287.0 279.0 280.0 287.0 290.0 290.0 288.0 285.0 279.0 272.0 271.0 267.0 266.0 266.0 266.0 286.0 296.0 303.0 310.0 291.0 309.0 427.0 514.0
605.0 610.0 627.0 632.0 645.0 605.0 600.0 597.0 589.0 575.0 546.0 531.0 499.0 484.0 447.0 430.0 402.0 402.0 386.0 362.0 353.0 334.0 319.0 299.0 285.0 285.0 285.0 285.0 285.0 287.0 291.0 292.0 294.0 286.0 277.0 276.0 276.0 280.0 281.0 280.0 280.0 281.0 282.0 283.0 281.0 279.0 278.0 278.0 280.0 281.0 285.0 285.0 295.0 283.0 278.0 281.0 291.0 290.0 290.0 290.0 283.0 285.0 273.0 273.0 268.0 265.0 269.0 269.0 298.0 306.0 310.0 295.0 291.0 318.0 420.0 448.0
559.0 567.0 587.0 598.0 569.0 568.0 562.0 557.0 545.0 529.0 501.0 484.0 450.0 433.0 403.0 386.0 362.0 362.0 347.0 332.0 323.0 299.0 289.0 285.0 285.0 285.0 285.0 285.0 285.0 285.0 287.0 292.0 286.0 278.0 277.0 276.0 276.0 279.0 282.0 280.0 280.0 282.0 284.0 287.0 283.0 281.0 278.0 279.0 281.0 281.0 283.0 285.0 277.0 266.0 281.0 292.0 291.0 290.0 290.0 291.0 282.0 283.0 285.0 283.0 265.0 276.0 275.0 275.0 308.0 308.0 299.0 294.0 296.0 332.0 412.0 444.0
522.0 525.0 507.0 523.0 536.0 537.0 537.0 526.0 505.0 491.0 454.0 432.0 402.0 388.0 359.0 344.0 324.0 324.0 315.0 299.0 296.0 285.0 285.0 285.0 285.0 285.0 285.0 285.0 285.0 285.0 285.0 286.0 285.0 278.0 278.0 276.0 277.0 277.0 285.0 282.0 279.0 282.0 285.0 288.0 283.0 281.0 279.0 278.0 280.0 283.0 281.0 285.0 287.0 282.0 298.0 299.0 290.0 290.0 293.0 292.0 290.0 281.0 281.0 285.0 293.0 281.0 281.0 281.0 309.0 310.0 296.0 299.0 304.0 338.0 422.0 464.0
480.0 463.0 497.0 519.0 514.0 503.0 500.0 491.0 456.0 440.0 403.0 385.0 360.0 347.0 319.0 309.0 295.0 295.0 291.0 287.0 292.0 286.0 285.0 285.0 285.0 285.0 285.0 285.0 285.0 285.0 292.0 293.0 286.0 281.0 278.0 278.0 275.0 273.0 282.0 288.0 287.0 283.0 284.0 285.0 288.0 279.0 284.0 292.0 299.0 302.0 311.0 313.0 315.0 308.0 310.0 298.0 293.0 290.0 297.0 290.0 289.0 280.0 282.0 276.0 284.0 293.0 288.0 286.0 310.0 297.0 293.0 296.0 303.0 334.0 406.0 441.0
451.0 467.0 506.0 534.0 506.0 479.0 455.0 444.0 408.0 395.0 360.0 349.0 320.0 308.0 293.0 292.0 292.0 292.0 291.0 288.0 287.0 286.0 285.0 285.0 285.0 285.0 285.0 285.0 285.0 290.0 299.0 300.0 293.0 285.0 282.0 278.0 282.0 264.0 276.0 290.0 286.0 284.0 286.0 284.0 284.0 297.0 308.0 339.0 348.0 363.0 368.0 376.0 384.0 376.0 364.0 326.0 303.0 302.0 292.0 290.0 288.0 278.0 279.0 276.0 274.0 282.0 290.0 290.0 289.0 284.0 286.0 286.0 296.0 325.0 379.0 410.0
430.0 464.0 487.0 528.0 523.0 471.0 448.0 400.0 387.0 365.0 330.0 315.0 293.0 289.0 294.0 290.0 287.0 287.0 287.0 288.0 287.0 287.0 285.0 285.0 285.0 285.0 285.0 285.0 285.0 294.0 297.0 298.0 300.0 286.0 285.0 283.0 280.0 274.0 278.0 290.0 282.0 283.0 287.0 298.0 315.0 357.0 374.0 397.0 396.0 409.0 418.0 426.0 426.0 405.0 393.0 345.0 313.0 292.0 292.0 288.0 286.0 282.0 277.0 279.0 276.0 276.0 282.0 286.0 282.0 280.0 278.0 278.0 286.0 307.0 358.0 361.0
427.0 473.0 504.0 513.0 502.0 433.0 405.0 362.0 367.0 338.0 323.0 292.0 288.0 290.0 289.0 289.0 288.0 287.0 287.0 287.0 287.0 287.0 287.0 285.0 285.0 285.0 285.0 285.0 285.0 293.0 294.0 296.0 297.0 293.0 286.0 282.0 282.0 274.0 276.0 298.0 295.0 291.0 311.0 383.0 407.0 440.0 449.0 431.0 423.0 425.0 436.0 428.0 418.0 398.0 382.0 306.0 295.0 291.0 294.0 281.0 284.0 287.0 285.0 282.0 280.0 278.0 280.0 282.0 282.0 283.0 275.0 270.0 278.0 297.0 314.0 348.0
430.0 498.0 504.0 469.0 454.0 386.0 364.0 350.0 349.0 323.0 303.0 286.0 288.0 289.0 288.0 289.0 288.0 288.0 287.0 287.0 287.0 287.0 287.0 287.0 285.0 285.0 285.0 285.0 285.0 290.0 290.0 292.0 293.0 300.0 284.0 279.0 281.0 272.0 274.0 297.0 298.0 336.0 388.0 436.0 465.0 486.0 481.0 446.0 433.0 428.0 429.0 415.0 402.0 325.0 308.0 291.0 286.0 297.0 298.0 286.0 287.0 291.0 287.0 279.0 278.0 282.0 284.0 282.0 282.0 284.0 280.0 276.0 280.0 284.0 299.0 337.0
423.0 482.0 472.0 421.0 406.0 375.0 365.0 347.0 341.0 313.0 296.0 288.0 287.0 287.0 288.0 289.0 289.0 289.0 287.0 287.0 287.0 287.0 287.0 287.0 285.0 285.0 285.0 285.0 285.0 285.0 286.0 286.0 281.0 277.0 274.0 283.0 280.0 270.0 274.0 292.0 330.0 386.0 426.0 475.0 478.0 474.0 450.0 437.0 430.0 416.0 410.0 382.0 322.0 297.0 290.0 272.0 267.0 288.0 289.0 286.0 287.0 292.0 286.0 270.0 273.0 286.0 284.0 282.0 282.0 285.0 287.0 281.0 278.0 284.0 290.0 327.0
394.0 438.0 435.0 409.0 406.0 382.0 369.0 342.0 329.0 296.0 292.0 290.0 289.0 286.0 287.0 288.0 289.0 289.0 287.0 287.0 287.0 287.0 287.0 287.0 287.0 285.0 285.0 285.0 281.0 281.0 281.0 279.0 279.0 279.0 294.0 292.0 279.0 279.0 270.0 283.0 362.0 404.0 472.0 483.0 472.0 431.0 411.0 386.0 381.0 372.0 313.0 297.0 298.0 284.0 291.0 279.0 273.0 281.0 278.0 277.0 286.0 286.0 277.0 274.0 270.0 286.0 286.0 281.0 284.0 287.0 293.0 277.0 280.0 281.0 289.0 326.0
383.0 413.0 424.0 416.0 400.0 371.0 358.0 326.0 307.0 301.0 300.0 292.0 290.0 287.0 286.0 288.0 288.0 288.0 289.0 287.0 287.0 287.0 287.0 287.0 287.0 287.0 285.0 285.0 279.0 278.0 278.0 278.0 278.0 279.0 286.0 287.0 282.0 278.0 280.0 298.0 394.0 436.0 478.0 479.0 453.0 429.0 363.0 340.0 319.0 310.0 303.0 283.0 288.0 291.0 307.0 286.0 279.0 278.0 284.0 277.0 285.0 278.0 274.0 279.0 277.0 286.0 284.0 272.0 278.0 285.0 288.0 280.0 284.0 277.0 283.0 323.0
377.0 375.0 407.0 408.0 399.0 364.0 352.0 315.0 293.0 296.0 300.0 296.0 292.0 289.0 287.0 287.0 288.0 288.0 289.0 289.0 287.0 287.0 287.0 287.0 287.0 287.0 285.0 281.0 278.0 278.0 278.0 278.0 278.0 278.0 276.0 280.0 283.0 278.0 293.0 315.0 411.0 440.0 462.0 474.0 423.0 375.0 329.0 294.0 295.0 297.0 267.0 282.0 280.0 282.0 287.0 288.0 280.0 277.0 276.0 278.0 281.0 289.0 282.0 280.0 284.0 279.0 281.0 276.0 273.0 281.0 281.0 279.0 284.0 284.0 281.0 320.0
365.0 360.0 377.0 388.0 389.0 373.0 329.0 318.0 287.0 289.0 294.0 300.0 296.0 290.0 289.0 286.0 287.0 287.0 288.0 289.0 287.0 287.0 287.0 287.0 289.0 289.0 292.0 292.0 278.0 278.0 278.0 278.0 278.0 278.0 275.0 269.0 280.0 283.0 294.0 317.0 399.0 420.0 439.0 457.0 320.0 324.0 306.0 294.0 279.0 279.0 287.0 291.0 281.0 280.0 288.0 294.0 272.0 277.0 266.0 275.0 277.0 275.0 273.0 279.0 272.0 277.0 280.0 283.0 271.0 276.0 273.0 274.0 278.0 287.0 283.0 321.0
350.0 341.0 347.0 366.0 373.0 337.0 317.0 310.0 289.0 287.0 287.0 293.0 300.0 296.0 290.0 289.0 286.0 286.0 288.0 288.0 289.0 288.0 292.0 292.0 292.0 292.0 292.0 292.0 285.0 278.0 278.0 278.0 278.0 277.0 269.0 270.0 277.0 274.0 286.0 303.0 369.0 381.0 373.0 352.0 293.0 292.0 294.0 290.0 278.0 274.0 292.0 283.0 282.0 284.0 278.0 279.0 292.0 280.0 277.0 278.0 278.0 279.0 281.0 273.0 279.0 292.0 282.0 287.0 276.0 269.0 275.0 291.0 282.0 269.0 283.0 293.0
333.0 326.0 315.0 293.0 298.0 301.0 300.0 295.0 286.0 287.0 286.0 286.0 300.0 300.0 292.0 290.0 287.0 287.0 286.0 282.0 283.0 290.0 292.0 292.0 292.0 292.0 292.0 292.0 292.0 285.0 278.0 278.0 277.0 274.0 269.0 270.0 274.0 280.0 286.0 294.0 317.0 320.0 319.0 292.0 290.0 269.0 276.0 285.0 281.0 286.0 273.0 290.0 283.0 284.0 284.0 275.0 281.0 279.0 282.0 281.0 278.0 280.0 278.0 280.0 281.0 278.0 274.0 283.0 283.0 279.0 281.0 278.0 279.0 279.0 288.0 290.0
332.0 311.0 288.0 291.0 296.0 290.0 287.0 288.0 290.0 286.0 286.0 286.0 293.0 300.0 296.0 292.0 281.0 281.0 279.0 280.0 284.0 291.0 295.0 294.0 292.0 292.0 292.0 292.0 292.0 292.0 285.0 278.0 277.0 269.0 269.0 271.0 280.0 286.0 291.0 300.0 302.0 293.0 281.0 281.0 282.0 279.0 275.0 297.0 281.0 282.0 275.0 292.0 285.0 280.0 281.0 278.0 278.0 277.0 283.0 277.0 288.0 283.0 282.0 290.0 255.0 261.0 277.0 272.0 281.0 280.0 278.0 280.0 280.0 275.0 286.0 285.0
329.0 314.0 293.0 296.0 294.0 291.0 288.0 289.0 293.0 289.0 286.0 286.0 286.0 292.0 285.0 279.0 279.0 279.0 279.0 280.0 284.0 292.0 295.0 296.0 291.0 292.0 292.0 292.0 292.0 292.0 292.0 281.0 274.0 269.0 269.0 274.0 280.0 286.0 291.0 301.0 279.0 281.0 287.0 285.0 291.0 279.0 271.0 280.0 287.0 277.0 288.0 284.0 282.0 277.0 276.0 283.0 279.0 278.0 283.0 275.0 281.0 297.0 281.0 284.0 265.0 252.0 304.0 291.0 281.0 283.0 283.0 281.0 282.0 286.0 284.0 286.0
355.0 341.0 313.0 295.0 297.0 293.0 288.0 289.0 291.0 293.0 286.0 286.0 284.0 289.0 279.0 279.0 279.0 279.0 279.0 280.0 284.0 293.0 296.0 300.0 290.0 292.0 292.0 292.0 292.0 292.0 292.0 291.0 269.0 269.0 270.0 280.0 286.0 291.0 295.0 299.0 289.0 280.0 280.0 284.0 274.0 271.0 271.0 274.0 277.0 280.0 272.0 282.0 282.0 277.0 285.0 286.0 278.0 279.0 281.0 281.0 279.0 284.0 279.0 287.0 267.0 274.0 296.0 284.0 279.0 276.0 289.0 285.0 282.0 282.0 286.0 288.0
395.0 355.0 345.0 299.0 295.0 293.0 288.0 289.0 291.0 292.0 289.0 286.0 285.0 292.0 294.0 279.0 279.0 279.0 279.0 280.0 284.0 294.0 297.0 300.0 301.0 279.0 292.0 292.0 292.0 292.0 292.0 291.0 281.0 270.0 274.0 286.0 286.0 290.0 286.0 286.0 299.0 277.0 293.0 275.0 283.0 278.0 281.0 279.0 271.0 276.0 271.0 278.0 279.0 279.0 280.0 285.0 270.0 270.0 272.0 278.0 277.0 296.0 284.0 280.0 287.0 284.0 270.0 273.0 281.0 282.0 288.0 298.0 282.0 289.0 280.0 285.0
